TITLE = "Cavity Iterative Residual History"
variables="Iteration""Time(s)""Res1""Res2""Res3"
1 3.906250e-04 -9.990000e+01 -9.990000e+01 -9.990000e+01
10 3.906250e-03 4.839933e-06 1.090223e-06 1.090223e-06
20 7.812500e-03 3.450655e-06 6.127568e-07 6.127568e-07
30 1.171875e-02 2.979175e-06 4.286239e-07 4.286239e-07
40 1.562500e-02 2.717803e-06 3.376029e-07 3.376029e-07
50 1.953125e-02 2.539708e-06 2.825607e-07 2.825607e-07
60 2.343750e-02 2.405972e-06 2.463053e-07 2.463053e-07
70 2.734375e-02 2.299076e-06 2.214089e-07 2.214089e-07
80 3.125000e-02 2.209457e-06 2.038114e-07 2.038114e-07
90 3.515625e-02 2.131296e-06 1.909082e-07 1.909082e-07
100 3.906250e-02 2.060776e-06 1.809221e-07 1.809221e-07
110 4.296875e-02 1.995309e-06 1.728002e-07 1.728002e-07
120 4.687500e-02 1.933357e-06 1.659277e-07 1.659277e-07
130 5.078125e-02 1.874085e-06 1.599046e-07 1.599046e-07
140 5.468750e-02 1.816934e-06 1.545430e-07 1.545430e-07
150 5.859375e-02 1.761503e-06 1.497205e-07 1.497205e-07
160 6.250000e-02 1.707558e-06 1.452585e-07 1.452585e-07
170 6.640625e-02 1.654993e-06 1.410211e-07 1.410211e-07
180 7.031250e-02 1.603810e-06 1.369036e-07 1.369036e-07
190 7.421875e-02 1.554120e-06 1.328024e-07 1.328024e-07
200 7.812500e-02 1.506105e-06 1.287084e-07 1.287084e-07
210 8.203125e-02 1.459916e-06 1.246942e-07 1.246942e-07
220 8.593750e-02 1.415611e-06 1.208272e-07 1.208272e-07
230 8.984375e-02 1.373181e-06 1.171809e-07 1.171809e-07
240 9.375000e-02 1.332579e-06 1.137979e-07 1.137979e-07
250 9.765625e-02 1.293726e-06 1.106272e-07 1.106272e-07
260 1.015625e-01 1.256498e-06 1.075755e-07 1.075755e-07
270 1.054688e-01 1.220724e-06 1.045539e-07 1.045539e-07
280 1.093750e-01 1.186185e-06 1.014840e-07 1.014840e-07
290 1.132813e-01 1.152631e-06 9.835347e-08 9.835347e-08
300 1.171875e-01 1.119824e-06 9.523187e-08 9.523187e-08
310 1.210938e-01 1.087588e-06 9.221400e-08 9.221400e-08
320 1.250000e-01 1.055818e-06 8.938962e-08 8.938962e-08
330 1.289063e-01 1.024470e-06 8.681175e-08 8.681175e-08
340 1.328125e-01 9.935462e-07 8.444960e-08 8.444960e-08
350 1.367188e-01 9.630977e-07 8.220702e-08 8.220702e-08
360 1.406250e-01 9.332222e-07 7.997518e-08 7.997518e-08
370 1.445313e-01 9.040605e-07 7.766590e-08 7.766590e-08
380 1.484375e-01 8.757779e-07 7.525406e-08 7.525406e-08
390 1.523438e-01 8.485314e-07 7.279934e-08 7.279934e-08
400 1.562500e-01 8.224376e-07 7.041010e-08 7.041010e-08
410 1.601563e-01 7.975564e-07 6.819556e-08 6.819556e-08
420 1.640625e-01 7.738913e-07 6.622292e-08 6.622292e-08
430 1.679688e-01 7.513984e-07 6.447572e-08 6.447572e-08
440 1.718750e-01 7.299907e-07 6.285786e-08 6.285786e-08
450 1.757813e-01 7.095396e-07 6.124322e-08 6.124322e-08
460 1.796875e-01 6.898801e-07 5.952682e-08 5.952682e-08
470 1.835938e-01 6.708244e-07 5.766945e-08 5.766945e-08
480 1.875000e-01 6.521860e-07 5.572139e-08 5.572139e-08
490 1.914063e-01 6.338058e-07 5.379898e-08 5.379898e-08
500 1.953125e-01 6.155721e-07 5.203200e-08 5.203200e-08
510 1.992188e-01 5.974277e-07 5.050785e-08 5.050785e-08
520 2.031250e-01 5.793683e-07 4.922565e-08 4.922565e-08
530 2.070313e-01 5.614379e-07 4.809137e-08 4.809137e-08
540 2.109375e-01 5.437234e-07 4.696359e-08 4.696359e-08
550 2.148438e-01 5.263462e-07 4.571644e-08 4.571644e-08
560 2.187500e-01 5.094468e-07 4.429277e-08 4.429277e-08
570 2.226563e-01 4.931648e-07 4.273196e-08 4.273196e-08
580 2.265625e-01 4.776167e-07 4.115505e-08 4.115505e-08
590 2.304688e-01 4.628800e-07 3.971221e-08 3.971221e-08
600 2.343750e-01 4.489856e-07 3.851577e-08 3.851577e-08
610 2.382813e-01 4.359181e-07 3.758359e-08 3.758359e-08
620 2.421875e-01 4.236191e-07 3.682524e-08 3.682524e-08
630 2.460938e-01 4.119921e-07 3.608508e-08 3.608508e-08
640 2.500000e-01 4.009089e-07 3.521426e-08 3.521426e-08
650 2.539063e-01 3.902208e-07 3.413429e-08 3.413429e-08
660 2.578125e-01 3.797741e-07 3.287104e-08 3.287104e-08
670 2.617188e-01 3.694291e-07 3.154697e-08 3.154697e-08
680 2.656250e-01 3.590774e-07 3.033155e-08 3.033155e-08
690 2.695313e-01 3.486539e-07 2.936600e-08 2.936600e-08
700 2.734375e-01 3.381414e-07 2.869207e-08 2.869207e-08
710 2.773438e-01 3.275697e-07 2.822570e-08 2.822570e-08
720 2.812500e-01 3.170102e-07 2.779769e-08 2.779769e-08
730 2.851563e-01 3.065657e-07 2.723458e-08 2.723458e-08
740 2.890625e-01 2.963582e-07 2.643334e-08 2.643334e-08
750 2.929688e-01 2.865116e-07 2.540281e-08 2.540281e-08
760 2.968750e-01 2.771358e-07 2.426291e-08 2.426291e-08
770 3.007812e-01 2.683121e-07 2.320041e-08 2.320041e-08
780 3.046875e-01 2.600855e-07 2.238872e-08 2.238872e-08
790 3.085937e-01 2.524606e-07 2.189963e-08 2.189963e-08
800 3.125000e-01 2.454034e-07 2.165932e-08 2.165932e-08
810 3.164062e-01 2.388447e-07 2.148541e-08 2.148541e-08
820 3.203125e-01 2.326860e-07 2.117854e-08 2.117854e-08
830 3.242187e-01 2.268080e-07 2.060902e-08 2.060902e-08
840 3.281250e-01 2.210828e-07 1.976530e-08 1.976530e-08
850 3.320312e-01 2.153878e-07 1.875994e-08 1.875994e-08
860 3.359375e-01 2.096211e-07 1.779324e-08 1.779324e-08
870 3.398437e-01 2.037135e-07 1.707298e-08 1.707298e-08
880 3.437500e-01 1.976369e-07 1.670840e-08 1.670840e-08
890 3.476562e-01 1.914060e-07 1.664127e-08 1.664127e-08
900 3.515625e-01 1.850753e-07 1.667643e-08 1.667643e-08
910 3.554687e-01 1.787304e-07 1.658728e-08 1.658728e-08
920 3.593750e-01 1.724764e-07 1.621617e-08 1.621617e-08
930 3.632812e-01 1.664232e-07 1.552856e-08 1.552856e-08
940 3.671875e-01 1.606719e-07 1.462418e-08 1.462418e-08
950 3.710937e-01 1.553019e-07 1.371077e-08 1.371077e-08
960 3.750000e-01 1.503638e-07 1.303068e-08 1.303068e-08
970 3.789062e-01 1.458751e-07 1.273920e-08 1.273920e-08
980 3.828125e-01 1.418198e-07 1.280116e-08 1.280116e-08
990 3.867187e-01 1.381513e-07 1.300898e-08 1.300898e-08
1000 3.906250e-01 1.347959e-07 1.310727e-08 1.310727e-08
1010 3.945312e-01 1.316593e-07 1.291029e-08 1.291029e-08
1020 3.984375e-01 1.286353e-07 1.235946e-08 1.235946e-08
1030 4.023437e-01 1.256168e-07 1.153646e-08 1.153646e-08
1040 4.062500e-01 1.225089e-07 1.064783e-08 1.064783e-08
1050 4.101562e-01 1.192411e-07 9.966852e-09 9.966852e-09
1060 4.140625e-01 1.157765e-07 9.703924e-09 9.703924e-09
1070 4.179687e-01 1.121165e-07 9.857544e-09 9.857544e-09
1080 4.218750e-01 1.082996e-07 1.020802e-08 1.020802e-08
1090 4.257812e-01 1.043954e-07 1.046892e-08 1.046892e-08
1100 4.296875e-01 1.004937e-07 1.042748e-08 1.042748e-08
1110 4.335937e-01 9.669171e-08 1.000197e-08 1.000197e-08
1120 4.375000e-01 9.308106e-08 9.252102e-09 9.252102e-09
1130 4.414062e-01 8.973679e-08 8.372716e-09 8.372716e-09
1140 4.453125e-01 8.671019e-08 7.658766e-09 7.658766e-09
1150 4.492187e-01 8.402541e-08 7.383496e-09 7.383496e-09
1160 4.531250e-01 8.167922e-08 7.594538e-09 7.594538e-09
1170 4.570312e-01 7.964251e-08 8.061015e-09 8.061015e-09
1180 4.609375e-01 7.786267e-08 8.462128e-09 8.462128e-09
1190 4.648437e-01 7.626722e-08 8.560028e-09 8.560028e-09
1200 4.687500e-01 7.476946e-08 8.252802e-09 8.252802e-09
1210 4.726562e-01 7.327699e-08 7.576778e-09 7.576778e-09
1220 4.765625e-01 7.170251e-08 6.704740e-09 6.704740e-09
1230 4.804687e-01 6.997551e-08 5.937397e-09 5.937397e-09
1240 4.843750e-01 6.805247e-08 5.612886e-09 5.612886e-09
1250 4.882812e-01 6.592323e-08 5.849546e-09 5.849546e-09
1260 4.921875e-01 6.361230e-08 6.408064e-09 6.408064e-09
1270 4.960937e-01 6.117456e-08 6.928215e-09 6.928215e-09
1280 5.000000e-01 5.868637e-08 7.149710e-09 7.149710e-09
1290 5.039062e-01 5.623358e-08 6.955042e-09 6.955042e-09
1300 5.078125e-01 5.389906e-08 6.358475e-09 6.358475e-09
1310 5.117187e-01 5.175221e-08 5.503357e-09 5.503357e-09
1320 5.156250e-01 4.984214e-08 4.675472e-09 4.675472e-09
1330 5.195312e-01 4.819531e-08 4.267976e-09 4.267976e-09
1340 5.234375e-01 4.681602e-08 4.497810e-09 4.497810e-09
1350 5.273437e-01 4.568812e-08 5.125253e-09 5.125253e-09
1360 5.312500e-01 4.477645e-08 5.743284e-09 5.743284e-09
1370 5.351562e-01 4.402806e-08 6.071889e-09 6.071889e-09
1380 5.390625e-01 4.337466e-08 5.983172e-09 5.983172e-09
1390 5.429687e-01 4.273808e-08 5.472837e-09 5.472837e-09
1400 5.468750e-01 4.203911e-08 4.652461e-09 4.652461e-09
1410 5.507812e-01 4.120841e-08 3.773429e-09 3.773429e-09
1420 5.546875e-01 4.019736e-08 3.256945e-09 3.256945e-09
1430 5.585937e-01 3.898604e-08 3.446557e-09 3.446557e-09
1440 5.625000e-01 3.758651e-08 4.120944e-09 4.120944e-09
1450 5.664062e-01 3.604069e-08 4.816122e-09 4.816122e-09
1460 5.703125e-01 3.441310e-08 5.234740e-09 5.234740e-09
1470 5.742187e-01 3.277986e-08 5.243479e-09 5.243479e-09
1480 5.781250e-01 3.121641e-08 4.823866e-09 4.823866e-09
1490 5.820312e-01 2.978658e-08 4.058114e-09 4.058114e-09
1500 5.859375e-01 2.853582e-08 3.151744e-09 3.151744e-09
1510 5.898437e-01 2.748939e-08 2.512770e-09 2.512770e-09
1520 5.937500e-01 2.665453e-08 2.625156e-09 2.625156e-09
1530 5.976562e-01 2.602358e-08 3.324513e-09 3.324513e-09
1540 6.015625e-01 2.557540e-08 4.076720e-09 4.076720e-09
1550 6.054687e-01 2.527462e-08 4.568198e-09 4.568198e-09
1560 6.093750e-01 2.507072e-08 4.664163e-09 4.664163e-09
1570 6.132812e-01 2.489989e-08 4.336014e-09 4.336014e-09
1580 6.171875e-01 2.469154e-08 3.641711e-09 3.641711e-09
1590 6.210937e-01 2.437847e-08 2.740436e-09 2.740436e-09
1600 6.250000e-01 2.390822e-08 1.986387e-09 1.986387e-09
1610 6.289062e-01 2.325246e-08 1.982383e-09 1.982383e-09
1620 6.328125e-01 2.241218e-08 2.685048e-09 2.685048e-09
1630 6.367187e-01 2.141762e-08 3.475725e-09 3.475725e-09
1640 6.406250e-01 2.032284e-08 4.023762e-09 4.023762e-09
1650 6.445312e-01 1.919588e-08 4.195710e-09 4.195710e-09
1660 6.484375e-01 1.810651e-08 3.955974e-09 3.955974e-09
1670 6.523437e-01 1.711437e-08 3.343704e-09 3.343704e-09
1680 6.562500e-01 1.626090e-08 2.478931e-09 2.478931e-09
1690 6.601562e-01 1.556772e-08 1.639802e-09 1.639802e-09
1700 6.640625e-01 1.504060e-08 1.480723e-09 1.480723e-09
1710 6.679687e-01 1.467554e-08 2.163733e-09 2.163733e-09
1720 6.718750e-01 1.446183e-08 2.976230e-09 2.976230e-09
1730 6.757812e-01 1.438012e-08 3.566008e-09 3.566008e-09
1740 6.796875e-01 1.439756e-08 3.802551e-09 3.802551e-09
1750 6.835937e-01 1.446530e-08 3.645402e-09 3.645402e-09
1760 6.875000e-01 1.452205e-08 3.119401e-09 3.119401e-09
1770 6.914062e-01 1.450347e-08 2.314896e-09 2.314896e-09
1780 6.953125e-01 1.435425e-08 1.436456e-09 1.436456e-09
1790 6.992187e-01 1.403881e-08 1.095623e-09 1.095623e-09
1800 7.031250e-01 1.354817e-08 1.733348e-09 1.733348e-09
1810 7.070312e-01 1.290177e-08 2.553377e-09 2.553377e-09
1820 7.109375e-01 1.214399e-08 3.171931e-09 3.171931e-09
1830 7.148437e-01 1.133600e-08 3.462155e-09 3.462155e-09
1840 7.187500e-01 1.054388e-08 3.380119e-09 3.380119e-09
1850 7.226562e-01 9.825425e-09 2.939616e-09 2.939616e-09
1860 7.265625e-01 9.219515e-09 2.209354e-09 2.209354e-09
1870 7.304687e-01 8.742722e-09 1.337435e-09 1.337435e-09
1880 7.343750e-01 8.394986e-09 8.134979e-10 8.134979e-10
1890 7.382812e-01 8.170264e-09 1.373288e-09 1.373288e-09
1900 7.421875e-01 8.063961e-09 2.188812e-09 2.188812e-09
1910 7.460937e-01 8.071253e-09 2.825110e-09 2.825110e-09
1920 7.500000e-01 8.177856e-09 3.158981e-09 3.158981e-09
1930 7.539062e-01 8.351293e-09 3.143911e-09 3.143911e-09
1940 7.578125e-01 8.540390e-09 2.784911e-09 2.784911e-09
1950 7.617187e-01 8.684111e-09 2.134728e-09 2.134728e-09
1960 7.656250e-01 8.724902e-09 1.303443e-09 1.303443e-09
1970 7.695312e-01 8.620973e-09 6.312603e-10 6.312603e-10
1980 7.734375e-01 8.354441e-09 1.069425e-09 1.069425e-09
1990 7.773437e-01 7.934561e-09 1.870529e-09 1.870529e-09
2000 7.812500e-01 7.396213e-09 2.515346e-09 2.515346e-09
2010 7.851562e-01 6.793919e-09 2.883839e-09 2.883839e-09
2020 7.890625e-01 6.191517e-09 2.927531e-09 2.927531e-09
2030 7.929687e-01 5.648161e-09 2.644241e-09 2.644241e-09
2040 7.968750e-01 5.203680e-09 2.074452e-09 2.074452e-09
2050 8.007812e-01 4.870302e-09 1.303445e-09 1.303445e-09
2060 8.046875e-01 4.637892e-09 5.477418e-10 5.477418e-10
2070 8.085937e-01 4.490950e-09 8.111205e-10 8.111205e-10
2080 8.125000e-01 4.424625e-09 1.589521e-09 1.589521e-09
2090 8.164062e-01 4.446786e-09 2.235255e-09 2.235255e-09
2100 8.203125e-01 4.564166e-09 2.630397e-09 2.630397e-09
2110 8.242187e-01 4.763883e-09 2.724977e-09 2.724977e-09
2120 8.281250e-01 5.006136e-09 2.510802e-09 2.510802e-09
2130 8.320312e-01 5.232960e-09 2.018484e-09 2.018484e-09
2140 8.359375e-01 5.384606e-09 1.316450e-09 1.316450e-09
2150 8.398437e-01 5.413954e-09 5.450460e-10 5.450460e-10
2160 8.437500e-01 5.295458e-09 5.914630e-10 5.914630e-10
2170 8.476562e-01 5.028991e-09 1.339897e-09 1.339897e-09
2180 8.515625e-01 4.639722e-09 1.980322e-09 1.980322e-09
2190 8.554687e-01 4.174587e-09 2.395111e-09 2.395111e-09
2200 8.593750e-01 3.695031e-09 2.533205e-09 2.533205e-09
2210 8.632812e-01 3.264552e-09 2.381335e-09 2.381335e-09
2220 8.671875e-01 2.930131e-09 1.961870e-09 1.961870e-09
2230 8.710937e-01 2.703934e-09 1.330851e-09 1.330851e-09
2240 8.750000e-01 2.562433e-09 5.883578e-10 5.883578e-10
2250 8.789062e-01 2.470972e-09 4.061517e-10 4.061517e-10
2260 8.828125e-01 2.414329e-09 1.117017e-09 1.117017e-09
2270 8.867187e-01 2.408612e-09 1.747082e-09 1.747082e-09
2280 8.906250e-01 2.485781e-09 2.175424e-09 2.175424e-09
2290 8.945312e-01 2.660172e-09 2.350252e-09 2.350252e-09
2300 8.984375e-01 2.906289e-09 2.254007e-09 2.254007e-09
2310 9.023437e-01 3.167719e-09 1.902004e-09 1.902004e-09
2320 9.062500e-01 3.381191e-09 1.340472e-09 1.340472e-09
2330 9.101562e-01 3.494808e-09 6.477153e-10 6.477153e-10
2340 9.140625e-01 3.476918e-09 2.559838e-10 2.559838e-10
2350 9.179687e-01 3.319347e-09 9.177290e-10 9.177290e-10
2360 9.218750e-01 3.037657e-09 1.533350e-09 1.533350e-09
2370 9.257812e-01 2.669543e-09 1.969945e-09 1.969945e-09
2380 9.296875e-01 2.271514e-09 2.175326e-09 2.175326e-09
2390 9.335937e-01 1.911938e-09 2.128325e-09 2.128325e-09
2400 9.375000e-01 1.653228e-09 1.838151e-09 1.838151e-09
2410 9.414062e-01 1.517612e-09 1.342810e-09 1.342810e-09
2420 9.453125e-01 1.466506e-09 7.071079e-10 7.071079e-10
2430 9.492187e-01 1.435362e-09 1.562384e-10 1.562384e-10
2440 9.531250e-01 1.386652e-09 7.393685e-10 7.393685e-10
2450 9.570312e-01 1.332993e-09 1.337281e-09 1.337281e-09
2460 9.609375e-01 1.330567e-09 1.777554e-09 1.777554e-09
2470 9.648437e-01 1.436837e-09 2.007900e-09 2.007900e-09
2480 9.687500e-01 1.651602e-09 2.004155e-09 2.004155e-09
2490 9.726562e-01 1.916509e-09 1.770210e-09 1.770210e-09
2500 9.765625e-01 2.160265e-09 1.336954e-09 1.336954e-09
2510 9.804687e-01 2.325834e-09 7.594511e-10 7.594511e-10
2520 9.843750e-01 2.377193e-09 1.485210e-10 1.485210e-10
2530 9.882812e-01 2.300051e-09 5.799972e-10 5.799972e-10
2540 9.921875e-01 2.101392e-09 1.157602e-09 1.157602e-09
2550 9.960937e-01 1.808643e-09 1.597606e-09 1.597606e-09
2560 1.000000e+00 1.469265e-09 1.847883e-09 1.847883e-09
2570 1.003906e+00 1.151737e-09 1.881827e-09 1.881827e-09
2580 1.007812e+00 9.403298e-10 1.698703e-09 1.698703e-09
2590 1.011719e+00 8.847772e-10 1.323124e-09 1.323124e-09
2600 1.015625e+00 9.282142e-10 8.022974e-10 8.022974e-10
2610 1.019531e+00 9.684122e-10 2.102983e-10 2.102983e-10
2620 1.023437e+00 9.470251e-10 4.378705e-10 4.378705e-10
2630 1.027344e+00 8.611127e-10 9.931249e-10 9.931249e-10
2640 1.031250e+00 7.622906e-10 1.429483e-09 1.429483e-09
2650 1.035156e+00 7.533878e-10 1.695188e-09 1.695188e-09
2660 1.039062e+00 9.006155e-10 1.761686e-09 1.761686e-09
2670 1.042969e+00 1.146516e-09 1.624235e-09 1.624235e-09
2680 1.046875e+00 1.399327e-09 1.301875e-09 1.301875e-09
2690 1.050781e+00 1.594261e-09 8.350618e-10 8.350618e-10
2700 1.054687e+00 1.692452e-09 2.837718e-10 2.837718e-10
2710 1.058594e+00 1.675636e-09 3.116494e-10 3.116494e-10
2720 1.062500e+00 1.544069e-09 8.429267e-10 8.429267e-10
2730 1.066406e+00 1.315608e-09 1.272760e-09 1.272760e-09
2740 1.070312e+00 1.025972e-09 1.549871e-09 1.549871e-09
2750 1.074219e+00 7.344409e-10 1.644210e-09 1.644210e-09
2760 1.078125e+00 5.424607e-10 1.547583e-09 1.547583e-09
2770 1.082031e+00 5.500580e-10 1.274075e-09 1.274075e-09
2780 1.085937e+00 6.730357e-10 8.581488e-10 8.581488e-10
2790 1.089844e+00 7.735613e-10 3.514329e-10 3.514329e-10
2800 1.093750e+00 7.922347e-10 2.001949e-10 2.001949e-10
2810 1.097656e+00 7.178715e-10 7.060880e-10 7.060880e-10
2820 1.101562e+00 5.732983e-10 1.126973e-09 1.126973e-09
2830 1.105469e+00 4.354248e-10 1.411923e-09 1.411923e-09
2840 1.109375e+00 4.600918e-10 1.529796e-09 1.529796e-09
2850 1.113281e+00 6.643242e-10 1.469459e-09 1.469459e-09
2860 1.117187e+00 9.112596e-10 1.240588e-09 1.240588e-09
2870 1.121094e+00 1.119187e-09 8.722578e-10 8.722578e-10
2880 1.125000e+00 1.247251e-09 4.096887e-10 4.096887e-10
2890 1.128906e+00 1.275053e-09 1.032352e-10 1.032352e-10
2900 1.132812e+00 1.198104e-09 5.818260e-10 5.818260e-10
2910 1.136719e+00 1.026658e-09 9.917349e-10 9.917349e-10
2920 1.140625e+00 7.854715e-10 1.281367e-09 1.281367e-09
2930 1.144531e+00 5.181618e-10 1.418856e-09 1.418856e-09
2940 1.148437e+00 3.209933e-10 1.390585e-09 1.390585e-09
2950 1.152344e+00 3.618394e-10 1.202330e-09 1.202330e-09
2960 1.156250e+00 5.311253e-10 8.782932e-10 8.782932e-10
2970 1.160156e+00 6.666038e-10 4.581862e-10 4.581862e-10
2980 1.164062e+00 7.195733e-10 3.092591e-11 3.092591e-11
2990 1.167969e+00 6.783327e-10 4.693446e-10 4.693446e-10
3000 1.171875e+00 5.509165e-10 8.666105e-10 8.666105e-10
3010 1.175781e+00 3.684846e-10 1.158157e-09 1.158157e-09
3020 1.179688e+00 2.377617e-10 1.311708e-09 1.311708e-09
3030 1.183594e+00 3.582033e-10 1.311590e-09 1.311590e-09
3040 1.187500e+00 5.878615e-10 1.160137e-09 1.160137e-09
3050 1.191406e+00 7.969465e-10 8.771452e-10 8.771452e-10
3060 1.195313e+00 9.419168e-10 4.973824e-10 4.973824e-10
3070 1.199219e+00 1.001536e-09 6.900712e-11 6.900712e-11
3080 1.203125e+00 9.681515e-10 3.679271e-10 3.679271e-10
3090 1.207031e+00 8.464560e-10 7.511995e-10 7.511995e-10
3100 1.210938e+00 6.529292e-10 1.042237e-09 1.042237e-09
3110 1.214844e+00 4.170547e-10 1.208643e-09 1.208643e-09
3120 1.218750e+00 2.058268e-10 1.233061e-09 1.233061e-09
3130 1.222656e+00 2.395628e-10 1.114814e-09 1.114814e-09
3140 1.226563e+00 4.252004e-10 8.697176e-10 8.697176e-10
3150 1.230469e+00 5.760606e-10 5.280317e-10 5.280317e-10
3160 1.234375e+00 6.529487e-10 1.313147e-10 1.313147e-10
3170 1.238281e+00 6.443414e-10 2.768497e-10 2.768497e-10
3180 1.242188e+00 5.524542e-10 6.450637e-10 6.450637e-10
3190 1.246094e+00 3.921198e-10 9.334962e-10 9.334962e-10
3200 1.250000e+00 2.003769e-10 1.109872e-09 1.109872e-09
3210 1.253906e+00 1.667959e-10 1.155499e-09 1.155499e-09
3220 1.257813e+00 3.666565e-10 1.067077e-09 1.067077e-09
3230 1.261719e+00 5.686068e-10 8.568426e-10 8.568426e-10
3240 1.265625e+00 7.207838e-10 5.509240e-10 5.509240e-10
3250 1.269531e+00 8.018843e-10 1.862893e-10 1.862893e-10
3260 1.273438e+00 8.022009e-10 1.954446e-10 1.954446e-10
3270 1.277344e+00 7.224049e-10 5.477825e-10 5.477825e-10
3280 1.281250e+00 5.730925e-10 8.318041e-10 8.318041e-10
3290 1.285156e+00 3.744300e-10 1.015566e-09 1.015566e-09
3300 1.289063e+00 1.642273e-10 1.079347e-09 1.079347e-09
3310 1.292969e+00 1.485604e-10 1.017589e-09 1.017589e-09
3320 1.296875e+00 3.318397e-10 8.393135e-10 8.393135e-10
3330 1.300781e+00 4.865271e-10 5.668662e-10 5.668662e-10
3340 1.304688e+00 5.786587e-10 2.331932e-10 2.331932e-10
3350 1.308594e+00 5.964638e-10 1.230544e-10 1.230544e-10
3360 1.312500e+00 5.387871e-10 4.589112e-10 4.589112e-10
3370 1.316406e+00 4.140660e-10 7.369868e-10 7.369868e-10
3380 1.320313e+00 2.406669e-10 9.258337e-10 9.258337e-10
3390 1.324219e+00 7.902520e-11 1.004978e-09 1.004978e-09
3400 1.328125e+00 2.114339e-10 9.669315e-10 9.669315e-10
3410 1.332031e+00 4.006492e-10 8.178488e-10 8.178488e-10
3420 1.335938e+00 5.529975e-10 5.766147e-10 5.766147e-10
3430 1.339844e+00 6.474247e-10 2.724931e-10 2.724931e-10
3440 1.343750e+00 6.729556e-10 5.911624e-11 5.911624e-11
3450 1.347656e+00 6.273233e-10 3.780187e-10 3.780187e-10
3460 1.351563e+00 5.168049e-10 6.488551e-10 6.488551e-10
3470 1.355469e+00 3.556007e-10 8.407448e-10 8.407448e-10
3480 1.359375e+00 1.666666e-10 9.327085e-10 9.327085e-10
3490 1.363281e+00 7.802691e-11 9.156287e-10 9.156287e-10
3500 1.367188e+00 2.471869e-10 7.931144e-10 7.931144e-10
3510 1.371094e+00 3.989156e-10 5.808937e-10 5.808937e-10
3520 1.375000e+00 4.996741e-10 3.048241e-10 3.048241e-10
3530 1.378906e+00 5.373612e-10 6.106481e-12 6.106481e-12
3540 1.382813e+00 5.084247e-10 3.046610e-10 3.046610e-10
3550 1.386719e+00 4.173786e-10 5.671879e-10 5.671879e-10
3560 1.390625e+00 2.762920e-10 7.603216e-10 7.603216e-10
3570 1.394531e+00 1.064219e-10 8.627956e-10 8.627956e-10
3580 1.398438e+00 1.012189e-10 8.641379e-10 8.641379e-10
3590 1.402344e+00 2.737134e-10 7.657094e-10 7.657094e-10
3600 1.406250e+00 4.212874e-10 5.803689e-10 5.803689e-10
3610 1.410156e+00 5.227378e-10 3.308198e-10 3.308198e-10
3620 1.414063e+00 5.664075e-10 4.698074e-11 4.698074e-11
3630 1.417969e+00 5.478997e-10 2.384077e-10 2.384077e-10
3640 1.421875e+00 4.702009e-10 4.917533e-10 4.917533e-10
3650 1.425781e+00 3.432502e-10 6.845543e-10 6.845543e-10
3660 1.429688e+00 1.832374e-10 7.954494e-10 7.954494e-10
3670 1.433594e+00 3.567026e-11 8.128615e-10 8.128615e-10
3680 1.437500e+00 1.720556e-10 7.361794e-10 7.361794e-10
3690 1.441406e+00 3.166509e-10 5.756633e-10 5.756633e-10
3700 1.445313e+00 4.210022e-10 3.510996e-10 3.510996e-10
3710 1.449219e+00 4.728340e-10 8.940456e-11 8.940456e-11
3720 1.453125e+00 4.668609e-10 1.788252e-10 1.788252e-10
3730 1.457031e+00 4.047014e-10 4.222985e-10 4.222985e-10
3740 1.460938e+00 2.945497e-10 6.133969e-10 6.133969e-10
3750 1.464844e+00 1.504940e-10 7.308321e-10 7.308321e-10
3760 1.468750e+00 2.842079e-11 7.621469e-10 7.621469e-10
3770 1.472656e+00 1.762413e-10 7.050125e-10 7.050125e-10
3780 1.476563e+00 3.156836e-10 5.673459e-10 5.673459e-10
3790 1.480469e+00 4.193644e-10 3.662429e-10 3.662429e-10
3800 1.484375e+00 4.753943e-10 1.258775e-10 1.258775e-10
3810 1.488281e+00 4.778857e-10 1.254947e-10 1.254947e-10
3820 1.492188e+00 4.272937e-10 3.585653e-10 3.585653e-10
3830 1.496094e+00 3.302505e-10 5.467789e-10 5.467789e-10
3840 1.500000e+00 1.988206e-10 6.690663e-10 6.690663e-10
3850 1.503906e+00 5.136514e-11 7.122928e-10 7.122928e-10
3860 1.507813e+00 1.074621e-10 6.726472e-10 6.726472e-10
3870 1.511719e+00 2.422956e-10 5.559419e-10 5.559419e-10
3880 1.515625e+00 3.464194e-10 3.767987e-10 3.767987e-10
3890 1.519531e+00 4.075953e-10 1.568329e-10 1.568329e-10
3900 1.523438e+00 4.193470e-10 7.800169e-11 7.800169e-11
3910 1.527344e+00 3.810876e-10 3.002829e-10 3.002829e-10
3920 1.531250e+00 2.980492e-10 4.846034e-10 4.846034e-10
3930 1.535156e+00 1.806396e-10 6.102370e-10 6.102370e-10
3940 1.539063e+00 4.437578e-11 6.635530e-10 6.635530e-10
3950 1.542969e+00 1.009859e-10 6.394732e-10 6.394732e-10
3960 1.546875e+00 2.301230e-10 5.419293e-10 5.419293e-10
3970 1.550781e+00 3.324549e-10 3.832754e-10 3.832754e-10
3980 1.554688e+00 3.961939e-10 1.827379e-10 1.827379e-10
3990 1.558594e+00 4.144798e-10 3.595204e-11 3.595204e-11
4000 1.562500e+00 3.858459e-10 2.471797e-10 2.471797e-10
4010 1.566406e+00 3.142859e-10 4.267558e-10 4.267558e-10
4020 1.570313e+00 2.087329e-10 5.543973e-10 5.543973e-10
4030 1.574219e+00 8.226059e-11 6.161401e-10 6.161401e-10
4040 1.578125e+00 5.377173e-11 6.058357e-10 6.058357e-10
4050 1.582031e+00 1.771573e-10 5.257441e-10 5.257441e-10
4060 1.585938e+00 2.782004e-10 3.861483e-10 3.861483e-10
4070 1.589844e+00 3.448017e-10 2.040482e-10 2.040482e-10
4080 1.593750e+00 3.697454e-10 1.594965e-12 1.594965e-12
4090 1.597656e+00 3.507909e-10 1.989787e-10 1.989787e-10
4100 1.601563e+00 2.908153e-10 3.731031e-10 3.731031e-10
4110 1.605469e+00 1.974066e-10 5.015715e-10 5.015715e-10
4120 1.609375e+00 8.202670e-11 5.702298e-10 5.702298e-10
4130 1.613281e+00 4.317133e-11 5.720388e-10 5.720388e-10
4140 1.617188e+00 1.606520e-10 5.077816e-10 5.077816e-10
4150 1.621094e+00 2.590275e-10 3.858559e-10 3.858559e-10
4160 1.625000e+00 3.267844e-10 2.211929e-10 2.211929e-10
4170 1.628906e+00 3.565088e-10 3.344504e-11 3.344504e-11
4180 1.632813e+00 3.453178e-10 1.554056e-10 1.554056e-10
4190 1.636719e+00 2.951043e-10 3.235006e-10 3.235006e-10
4200 1.640625e+00 2.122512e-10 4.517590e-10 4.517590e-10
4210 1.644531e+00 1.068812e-10 5.259636e-10 5.259636e-10
4220 1.648438e+00 1.202601e-11 5.383483e-10 5.383483e-10
4230 1.652344e+00 1.215725e-10 4.883987e-10 4.883987e-10
4240 1.656250e+00 2.174678e-10 3.828043e-10 3.828043e-10
4250 1.660156e+00 2.863632e-10 2.345793e-10 2.345793e-10
4260 1.664063e+00 3.206696e-10 6.146904e-11 6.146904e-11
4270 1.667969e+00 3.169517e-10 1.161857e-10 1.161857e-10
4280 1.671875e+00 2.762247e-10 2.777913e-10 2.777913e-10
4290 1.675781e+00 2.037667e-10 4.049371e-10 4.049371e-10
4300 1.679688e+00 1.084599e-10 4.834536e-10 4.834536e-10
4310 1.683594e+00 4.921077e-12 5.049951e-10 5.049951e-10
4320 1.687500e+00 1.044816e-10 4.679171e-10 4.679171e-10
4330 1.691406e+00 1.970716e-10 3.773666e-10 3.773666e-10
4340 1.695313e+00 2.659658e-10 2.445876e-10 2.445876e-10
4350 1.699219e+00 3.035301e-10 8.553406e-11 8.553406e-11
4360 1.703125e+00 3.058844e-10 8.105020e-11 8.105020e-11
4370 1.707031e+00 2.732769e-10 2.358117e-10 2.358117e-10
4380 1.710938e+00 2.099925e-10 3.610647e-10 3.610647e-10
4390 1.714844e+00 1.238100e-10 4.427839e-10 4.427839e-10
4400 1.718750e+00 2.536482e-11 4.721775e-10 4.721775e-10
4410 1.722656e+00 7.524791e-11 4.466244e-10 4.466244e-10
4420 1.726563e+00 1.645690e-10 3.698854e-10 3.698854e-10
4430 1.730469e+00 2.333137e-10 2.515752e-10 2.515752e-10
4440 1.734375e+00 2.738070e-10 1.059660e-10 1.059660e-10
4450 1.738281e+00 2.817991e-10 4.973382e-11 4.973382e-11
4460 1.742188e+00 2.568629e-10 1.973912e-10 1.973912e-10
4470 1.746094e+00 2.023815e-10 3.200843e-10 3.200843e-10
4480 1.750000e+00 1.251024e-10 4.040152e-10 4.040152e-10
4490 1.753906e+00 3.436840e-11 4.400651e-10 4.400651e-10
4500 1.757813e+00 5.949305e-11 4.247776e-10 4.247776e-10
4510 1.761719e+00 1.450885e-10 3.606741e-10 3.606741e-10
4520 1.765625e+00 2.129206e-10 2.558742e-10 2.558742e-10
4530 1.769531e+00 2.553916e-10 1.230767e-10 1.230767e-10
4540 1.773438e+00 2.679699e-10 2.197993e-11 2.197993e-11
4550 1.777344e+00 2.496459e-10 1.623563e-10 1.623563e-10
4560 1.781250e+00 2.029950e-10 2.819253e-10 2.819253e-10
4570 1.785156e+00 1.338289e-10 3.671860e-10 3.671860e-10
4580 1.789063e+00 5.051744e-11 4.087997e-10 4.087997e-10
4590 1.792969e+00 3.753291e-11 4.026042e-10 4.026042e-10
4600 1.796875e+00 1.193613e-10 3.500180e-10 3.500180e-10
4610 1.800781e+00 1.861002e-10 2.577944e-10 2.577944e-10
4620 1.804688e+00 2.301933e-10 1.371636e-10 1.371636e-10
4630 1.808594e+00 2.468874e-10 2.494139e-12 2.494139e-12
4640 1.812500e+00 2.346696e-10 1.305306e-10 1.305306e-10
4650 1.816406e+00 1.953889e-10 2.465053e-10 2.465053e-10
4660 1.820313e+00 1.339925e-10 3.323164e-10 3.323164e-10
4670 1.824219e+00 5.791761e-11 3.784998e-10 3.784998e-10
4680 1.828125e+00 2.399000e-11 3.803055e-10 3.803055e-10
4690 1.832031e+00 1.018579e-10 3.381768e-10 3.381768e-10
4700 1.835938e+00 1.669977e-10 2.576225e-10 2.576225e-10
4710 1.839844e+00 2.120221e-10 1.485070e-10 1.485070e-10
4720 1.843750e+00 2.320276e-10 2.384860e-11 2.384860e-11
4730 1.847656e+00 2.250754e-10 1.017380e-10 1.017380e-10
4740 1.851563e+00 1.923693e-10 2.137333e-10 2.137333e-10
4750 1.855469e+00 1.380699e-10 2.994096e-10 2.994096e-10
4760 1.859375e+00 6.877982e-11 3.492609e-10 3.492609e-10
4770 1.863281e+00 7.804314e-12 3.580572e-10 3.580572e-10
4780 1.867188e+00 8.140904e-11 3.253849e-10 3.253849e-10
4790 1.871094e+00 1.447855e-10 2.556239e-10 2.556239e-10
4800 1.875000e+00 1.904116e-10 1.573721e-10 1.573721e-10
4810 1.878906e+00 2.132795e-10 4.239082e-11 4.239082e-11
4820 1.882813e+00 2.110913e-10 7.580214e-11 7.580214e-11
4830 1.886719e+00 1.844769e-10 1.835105e-10 1.835105e-10
4840 1.890625e+00 1.368779e-10 2.684542e-10 2.684542e-10
4850 1.894531e+00 7.411011e-11 3.211594e-10 3.211594e-10
4860 1.898438e+00 3.972937e-12 3.360130e-10 3.360130e-10
4870 1.902344e+00 6.632159e-11 3.118542e-10 3.118542e-10
4880 1.906250e+00 1.276101e-10 2.520431e-10 2.520431e-10
4890 1.910156e+00 1.733352e-10 1.640070e-10 1.640070e-10
4900 1.914063e+00 1.984435e-10 5.832337e-11 5.832337e-11
4910 1.917969e+00 2.003417e-10 5.254966e-11 5.254966e-11
4920 1.921875e+00 1.791557e-10 1.557326e-10 1.557326e-10
4930 1.925781e+00 1.376754e-10 2.394266e-10 2.394266e-10
4940 1.929688e+00 8.099581e-11 2.942533e-10 2.942533e-10
4950 1.933594e+00 1.596945e-11 3.143048e-10 3.143048e-10
4960 1.937500e+00 5.011395e-11 2.977742e-10 2.977742e-10
4970 1.941406e+00 1.091865e-10 2.471047e-10 2.471047e-10
4980 1.945313e+00 1.547308e-10 1.686451e-10 1.686451e-10
4990 1.949219e+00 1.816798e-10 7.186022e-11 7.186022e-11
5000 1.953125e+00 1.871998e-10 3.180936e-11 3.180936e-11
5010 1.957031e+00 1.709745e-10 1.302909e-10 1.302909e-10
5020 1.960938e+00 1.352035e-10 2.122920e-10 2.122920e-10
5030 1.964844e+00 8.431155e-11 2.685851e-10 2.685851e-10
5040 1.968750e+00 2.442276e-11 2.930460e-10 2.930460e-10
5050 1.972656e+00 3.752895e-11 2.833150e-10 2.833150e-10
5060 1.976563e+00 9.419162e-11 2.410146e-10 2.410146e-10
5070 1.980469e+00 1.391929e-10 1.715038e-10 1.715038e-10
5080 1.984375e+00 1.675000e-10 8.320508e-11 8.320508e-11
5090 1.988281e+00 1.760913e-10 1.341478e-11 1.341478e-11
5100 1.992188e+00 1.642677e-10 1.070742e-10 1.070742e-10
5110 1.996094e+00 1.336978e-10 1.870067e-10 1.870067e-10
5120 2.000000e+00 8.819117e-11 2.441825e-10 2.441825e-10
5130 2.003906e+00 3.323930e-11 2.723317e-10 2.723317e-10
5140 2.007813e+00 2.480453e-11 2.686271e-10 2.686271e-10
5150 2.011719e+00 7.896665e-11 2.339607e-10 2.339607e-10
5160 2.015625e+00 1.232025e-10 1.727859e-10 1.727859e-10
5170 2.019531e+00 1.525282e-10 9.255194e-11 9.255194e-11
5180 2.023438e+00 1.637785e-10 2.805998e-12 2.805998e-12
5190 2.027344e+00 1.559242e-10 8.596904e-11 8.596904e-11
5200 2.031250e+00 1.301575e-10 1.635195e-10 1.635195e-10
5210 2.035156e+00 8.972139e-11 2.210612e-10 2.210612e-10
5220 2.039063e+00 3.951006e-11 2.522416e-10 2.522416e-10
5230 2.042969e+00 1.462192e-11 2.538440e-10 2.538440e-10
5240 2.046875e+00 6.618268e-11 2.261139e-10 2.261139e-10
5250 2.050781e+00 1.093980e-10 1.726795e-10 1.726795e-10
5260 2.054688e+00 1.393695e-10 1.000841e-10 1.000841e-10
5270 2.058594e+00 1.528313e-10 1.698889e-11 1.698889e-11
5280 2.062500e+00 1.484735e-10 6.686175e-11 6.686175e-11
5290 2.066406e+00 1.270638e-10 1.417725e-10 1.417725e-10
5300 2.070313e+00 9.132774e-11 1.992254e-10 1.992254e-10
5310 2.074219e+00 4.560870e-11 2.328405e-10 2.328405e-10
5320 2.078125e+00 4.885867e-12 2.390828e-10 2.390828e-10
5330 2.082031e+00 5.369973e-11 2.176292e-10 2.176292e-10
5340 2.085938e+00 9.572871e-11 1.713589e-10 1.713589e-10
5350 2.089844e+00 1.260685e-10 1.059749e-10 1.059749e-10
5360 2.093750e+00 1.413869e-10 2.930403e-11 2.930403e-11
5370 2.097656e+00 1.401382e-10 4.963849e-11 4.963849e-11
5380 2.101563e+00 1.227132e-10 1.217031e-10 1.217031e-10
5390 2.105469e+00 9.136468e-11 1.786699e-10 1.786699e-10
5400 2.109375e+00 4.992172e-11 2.141804e-10 2.141804e-10
5410 2.113281e+00 3.473092e-12 2.244456e-10 2.244456e-10
5420 2.117188e+00 4.303027e-11 2.086464e-10 2.086464e-10
5430 2.121094e+00 8.370051e-11 1.689852e-10 1.689852e-10
5440 2.125000e+00 1.141241e-10 1.103871e-10 1.103871e-10
5450 2.128906e+00 1.309366e-10 3.989284e-11 3.989284e-11
5460 2.132813e+00 1.323979e-10 3.418671e-11 3.418671e-11
5470 2.136719e+00 1.185664e-10 1.032446e-10 1.032446e-10
5480 2.140625e+00 9.126590e-11 1.593810e-10 1.593810e-10
5490 2.144531e+00 5.384982e-11 1.963012e-10 1.963012e-10
5500 2.148438e+00 1.082655e-11 2.100208e-10 2.100208e-10
5510 2.152344e+00 3.291384e-11 1.992915e-10 1.992915e-10
5520 2.156250e+00 7.211046e-11 1.657062e-10 1.657062e-10
5530 2.160156e+00 1.023988e-10 1.134738e-10 1.134738e-10
5540 2.164063e+00 1.204080e-10 4.889522e-11 4.889522e-11
5550 2.167969e+00 1.242402e-10 2.039527e-11 2.039527e-11
5560 2.171875e+00 1.136629e-10 8.632717e-11 8.632717e-11
5570 2.175781e+00 9.011129e-11 1.413376e-10 1.413376e-10
5580 2.179688e+00 5.649806e-11 1.792326e-10 1.792326e-10
5590 2.183594e+00 1.686759e-11 1.958842e-10 1.958842e-10
5600 2.187500e+00 2.419452e-11 1.896769e-10 1.896769e-10
5610 2.191406e+00 6.180934e-11 1.616579e-10 1.616579e-10
5620 2.195313e+00 9.174974e-11 1.153779e-10 1.153779e-10
5630 2.199219e+00 1.106647e-10 5.644460e-11 5.644460e-11
5640 2.203125e+00 1.165324e-10 8.155781e-12 8.155781e-12
5650 2.207031e+00 1.088679e-10 7.087900e-11 7.087900e-11
5660 2.210938e+00 8.875625e-11 1.245127e-10 1.245127e-10
5670 2.214844e+00 5.870431e-11 1.629945e-10 1.629945e-10
5680 2.218750e+00 2.233706e-11 1.821000e-10 1.821000e-10
5690 2.222656e+00 1.612399e-11 1.799029e-10 1.799029e-10
5700 2.226563e+00 5.208379e-11 1.569645e-10 1.569645e-10
5710 2.230469e+00 8.150983e-11 1.162329e-10 1.162329e-10
5720 2.234375e+00 1.010871e-10 6.266813e-11 6.266813e-11
5730 2.238281e+00 1.086995e-10 2.642844e-12 2.642844e-12
5740 2.242188e+00 1.036449e-10 5.682681e-11 5.682681e-11
5750 2.246094e+00 8.669411e-11 1.088738e-10 1.088738e-10
5760 2.250000e+00 5.998075e-11 1.475986e-10 1.475986e-10
5770 2.253906e+00 2.673781e-11 1.687218e-10 1.687218e-10
5780 2.257813e+00 9.164449e-12 1.700584e-10 1.700584e-10
5790 2.261719e+00 4.340601e-11 1.517392e-10 1.517392e-10
5800 2.265625e+00 7.216359e-11 1.161629e-10 1.161629e-10
5810 2.269531e+00 9.217264e-11 6.768621e-11 6.768621e-11
5820 2.273438e+00 1.012504e-10 1.209289e-11 1.209289e-11
5830 2.277344e+00 9.850975e-11 4.409679e-11 4.409679e-11
5840 2.281250e+00 8.444128e-11 9.438435e-11 9.438435e-11
5850 2.285156e+00 6.083675e-11 1.330491e-10 1.330491e-10
5860 2.289063e+00 3.056506e-11 1.557937e-10 1.557937e-10
5870 2.292969e+00 2.919479e-12 1.602214e-10 1.602214e-10
5880 2.296875e+00 3.534594e-11 1.460846e-10 1.460846e-10
5890 2.300781e+00 6.331443e-11 1.152829e-10 1.152829e-10
5900 2.304688e+00 8.356070e-11 7.161278e-11 7.161278e-11
5910 2.308594e+00 9.385894e-11 2.030222e-11 2.030222e-11
5920 2.312500e+00 9.316642e-11 3.261495e-11 3.261495e-11
5930 2.316406e+00 8.172507e-11 8.100415e-11 8.100415e-11
5940 2.320313e+00 6.101462e-11 1.193437e-10 1.193437e-10
5950 2.324219e+00 3.356472e-11 1.433512e-10 1.433512e-10
5960 2.328125e+00 2.732213e-12 1.504605e-10 1.504605e-10
5970 2.332031e+00 2.815755e-11 1.400937e-10 1.400937e-10
5980 2.335938e+00 5.523045e-11 1.136992e-10 1.136992e-10
5990 2.339844e+00 7.553483e-11 7.455511e-11 7.455511e-11
6000 2.343750e+00 8.682332e-11 2.736474e-11 2.736474e-11
6010 2.347656e+00 8.792472e-11 2.230787e-11 2.230787e-11
6020 2.351563e+00 7.886163e-11 6.869030e-11 6.869030e-11
6030 2.355469e+00 6.083017e-11 1.064747e-10 1.064747e-10
6040 2.359375e+00 3.604542e-11 1.314216e-10 1.314216e-10
6050 2.363281e+00 7.490638e-12 1.408347e-10 1.408347e-10
6060 2.367188e+00 2.157534e-11 1.338502e-10 1.338502e-10
6070 2.371094e+00 4.767065e-11 1.115099e-10 1.115099e-10
6080 2.375000e+00 6.788176e-11 7.661409e-11 7.661409e-11
6090 2.378906e+00 7.995781e-11 3.337234e-11 3.337234e-11
6100 2.382813e+00 8.262350e-11 1.310298e-11 1.310298e-11
6110 2.386719e+00 7.570933e-11 5.739769e-11 5.739769e-11
6120 2.390625e+00 6.015454e-11 9.442928e-11 9.442928e-11
6130 2.394531e+00 3.788293e-11 1.200257e-10 1.200257e-10
6140 2.398438e+00 1.157411e-11 1.313952e-10 1.313952e-10
6150 2.402344e+00 1.572825e-11 1.274291e-10 1.274291e-10
6160 2.406250e+00 4.077761e-11 1.088051e-10 1.088051e-10
6170 2.410156e+00 6.075967e-11 7.788414e-11 7.788414e-11
6180 2.414063e+00 7.343617e-11 3.841285e-11 3.841285e-11
6190 2.417969e+00 7.745003e-11 4.929385e-12 4.929385e-12
6200 2.421875e+00 7.246477e-11 4.707974e-11 4.707974e-11
6210 2.425781e+00 5.918811e-11 8.319039e-11 8.319039e-11
6220 2.429688e+00 3.927523e-11 1.091774e-10 1.091774e-10
6230 2.433594e+00 1.512781e-11 1.221851e-10 1.221851e-10
6240 2.437500e+00 1.044795e-11 1.208972e-10 1.208972e-10
6250 2.441406e+00 3.439998e-11 1.056673e-10 1.056673e-10
6260 2.445313e+00 5.403901e-11 7.845352e-11 7.845352e-11
6270 2.449219e+00 6.715135e-11 4.257000e-11 4.257000e-11
6280 2.453125e+00 7.231789e-11 2.285811e-12 2.285811e-12
6290 2.457031e+00 6.905842e-11 3.768879e-11 3.768879e-11
6300 2.460938e+00 5.787287e-11 7.273758e-11 7.273758e-11
6310 2.464844e+00 4.016932e-11 9.888558e-11 9.888558e-11
6320 2.468750e+00 1.809037e-11 1.132407e-10 1.132407e-10
6330 2.472656e+00 5.795327e-12 1.143140e-10 1.143140e-10
6340 2.476563e+00 2.860780e-11 1.021715e-10 1.021715e-10
6350 2.480469e+00 4.780430e-11 7.840439e-11 7.840439e-11
6360 2.484375e+00 6.120297e-11 4.592327e-11 4.592327e-11
6370 2.488281e+00 6.734058e-11 8.603725e-12 8.603725e-12
6380 2.492188e+00 6.561455e-11 2.917667e-11 2.917667e-11
6390 2.496094e+00 5.633927e-11 6.304742e-11 6.304742e-11
6400 2.500000e+00 4.069648e-11 8.915377e-11 8.915377e-11
6410 2.503906e+00 2.058740e-11 1.045920e-10 1.045920e-10
6420 2.507813e+00 1.700399e-12 1.077319e-10 1.077319e-10
6430 2.511719e+00 2.330168e-11 9.838637e-11 9.838637e-11
6440 2.515625e+00 4.197349e-11 7.781304e-11 7.781304e-11
6450 2.519531e+00 5.552752e-11 4.854792e-11 4.854792e-11
6460 2.523438e+00 6.247224e-11 1.409458e-11 1.409458e-11
6470 2.527344e+00 6.210221e-11 2.149500e-11 2.149500e-11
6480 2.531250e+00 5.456708e-11 5.409403e-11 5.409403e-11
6490 2.535156e+00 4.084187e-11 7.998130e-11 7.998130e-11
6500 2.539063e+00 2.260305e-11 9.626319e-11 9.626319e-11
6510 2.542969e+00 2.073340e-12 1.011966e-10 1.011966e-10
6520 2.546875e+00 1.851006e-11 9.437371e-11 9.437371e-11
6530 2.550781e+00 3.658776e-11 7.675011e-11 7.675011e-11
6540 2.554688e+00 5.018012e-11 5.051494e-11 5.051494e-11
6550 2.558594e+00 5.778138e-11 1.882059e-11 1.882059e-11
6560 2.562500e+00 5.860107e-11 1.459564e-11 1.459564e-11
6570 2.566406e+00 5.264351e-11 4.584964e-11 4.584964e-11
6580 2.570313e+00 4.069566e-11 7.136364e-11 7.136364e-11
6590 2.574219e+00 2.422536e-11 8.827313e-11 8.827313e-11
6600 2.578125e+00 5.213950e-12 9.474806e-11 9.474806e-11
6610 2.582031e+00 1.416412e-11 9.018939e-11 9.018939e-11
6620 2.585938e+00 3.159198e-11 7.528075e-11 7.528075e-11
6630 2.589844e+00 4.512104e-11 5.189116e-11 5.189116e-11
6640 2.593750e+00 5.324348e-11 2.284239e-11 2.284239e-11
6650 2.597656e+00 5.509992e-11 8.430963e-12 8.430963e-12
6660 2.601563e+00 5.056736e-11 3.828492e-11 3.828492e-11
6670 2.605469e+00 4.026242e-11 6.329298e-11 6.329298e-11
6680 2.609375e+00 2.545972e-11 8.063609e-11 8.063609e-11
6690 2.613281e+00 7.940035e-12 8.842061e-11 8.842061e-11
6700 2.617188e+00 1.026897e-11 8.588360e-11 8.588360e-11
6710 2.621094e+00 2.700197e-11 7.346492e-11 7.346492e-11
6720 2.625000e+00 4.037850e-11 5.273922e-11 5.273922e-11
6730 2.628906e+00 4.889913e-11 2.621806e-11 2.621806e-11
6740 2.632813e+00 5.165033e-11 2.954372e-12 2.954372e-12
6750 2.636719e+00 4.839835e-11 3.136949e-11 3.136949e-11
6760 2.640625e+00 3.960619e-11 5.575865e-11 5.575865e-11
6770 2.644531e+00 2.637013e-11 7.336210e-11 7.336210e-11
6780 2.648438e+00 1.028646e-11 8.224348e-11 8.224348e-11
6790 2.652344e+00 6.774723e-12 8.150114e-11 8.150114e-11
6800 2.656250e+00 2.277792e-11 7.135758e-11 7.135758e-11
6810 2.660156e+00 3.592549e-11 5.311775e-11 5.311775e-11
6820 2.664063e+00 4.473448e-11 2.900301e-11 2.900301e-11
6830 2.667969e+00 4.825034e-11 1.882420e-12 1.882420e-12
6840 2.671875e+00 4.614398e-11 2.507218e-11 2.507218e-11
6850 2.675781e+00 3.874046e-11 4.874759e-11 4.874759e-11
6860 2.679688e+00 2.697199e-11 6.645744e-11 6.645744e-11
6870 2.683594e+00 1.226284e-11 7.624129e-11 7.624129e-11
6880 2.687500e+00 3.676298e-12 7.708183e-11 7.708183e-11
6890 2.691406e+00 1.892099e-11 6.900894e-11 6.900894e-11
6900 2.695313e+00 3.177389e-11 5.308138e-11 5.308138e-11
6910 2.699219e+00 4.077259e-11 3.124994e-11 3.124994e-11
6920 2.703125e+00 4.493334e-11 6.119647e-12 6.119647e-12
6930 2.707031e+00 4.384586e-11 1.936137e-11 1.936137e-11
6940 2.710938e+00 3.771200e-11 4.224470e-11 4.224470e-11
6950 2.714844e+00 2.731354e-11 5.992502e-11 5.992502e-11
6960 2.718750e+00 1.391433e-11 7.043439e-11 7.043439e-11
6970 2.722656e+00 9.700238e-13 7.266084e-11 7.266084e-11
6980 2.726563e+00 1.540029e-11 6.646470e-11 6.646470e-11
6990 2.730469e+00 2.790339e-11 5.268091e-11 5.268091e-11
7000 2.734375e+00 3.700443e-11 3.300878e-11 3.300878e-11
7010 2.738281e+00 4.170098e-11 9.803588e-12 9.803588e-12
7020 2.742188e+00 4.151451e-11 1.420527e-11 1.420527e-11
7030 2.746094e+00 3.653742e-11 3.623323e-11 3.623323e-11
7040 2.750000e+00 2.741406e-11 5.376488e-11 5.376488e-11
7050 2.753906e+00 1.525887e-11 6.483930e-11 6.483930e-11
7060 2.757813e+00 1.548830e-12 6.826905e-11 6.826905e-11
7070 2.761719e+00 1.220869e-11 6.376633e-11 6.376633e-11
7080 2.765625e+00 2.431593e-11 5.196342e-11 5.196342e-11
7090 2.769531e+00 3.344183e-11 3.432672e-11 3.432672e-11
7100 2.773438e+00 3.857460e-11 1.297555e-11 1.297555e-11
7110 2.777344e+00 3.917926e-11 9.572171e-12 9.572171e-12
7120 2.781250e+00 3.525160e-11 3.069508e-11 3.069508e-11
7130 2.785156e+00 2.731094e-11 4.797441e-11 4.797441e-11
7140 2.789063e+00 1.633289e-11 5.946902e-11 5.946902e-11
7150 2.792969e+00 3.637472e-12 6.393333e-11 6.393333e-11
7160 2.796875e+00 9.320774e-12 6.095123e-11 6.095123e-11
7170 2.800781e+00 2.099471e-11 5.097241e-11 5.097241e-11
7180 2.804688e+00 3.007762e-11 3.524821e-11 3.524821e-11
7190 2.808594e+00 3.555651e-11 1.567575e-11 1.567575e-11
7200 2.812500e+00 3.685065e-11 5.430631e-12 5.430631e-12
7210 2.816406e+00 3.387117e-11 2.561109e-11 2.561109e-11
7220 2.820313e+00 2.702405e-11 4.254880e-11 4.254880e-11
7230 2.824219e+00 1.715631e-11 5.433344e-11 5.433344e-11
7240 2.828125e+00 5.454908e-12 5.967688e-11 5.967688e-11
7250 2.832031e+00 6.725099e-12 5.805307e-11 5.805307e-11
7260 2.835938e+00 1.793565e-11 4.974794e-11 4.974794e-11
7270 2.839844e+00 2.691633e-11 3.581499e-11 3.581499e-11
7280 2.843750e+00 3.265979e-11 1.794274e-11 1.794274e-11
7290 2.847656e+00 3.454935e-11 1.749918e-12 1.749918e-12
7300 2.851563e+00 3.242248e-11 2.096134e-11 2.096134e-11
7310 2.855469e+00 2.658292e-11 3.748132e-11 3.748132e-11
7320 2.859375e+00 1.775891e-11 4.943958e-11 4.943958e-11
7330 2.863281e+00 7.014598e-12 5.551951e-11 5.551951e-11
7340 2.867188e+00 4.400260e-12 5.510194e-11 5.510194e-11
7350 2.871094e+00 1.512384e-11 4.832678e-11 4.832678e-11
7360 2.875000e+00 2.395121e-11 3.606615e-11 3.606615e-11
7370 2.878906e+00 2.988607e-11 1.981337e-11 1.981337e-11
7380 2.882813e+00 3.228453e-11 1.502226e-12 1.502226e-12
7390 2.886719e+00 3.092062e-11 1.672530e-11 1.672530e-11
7400 2.890625e+00 2.600624e-11 3.276357e-11 3.276357e-11
7410 2.894531e+00 1.816030e-11 4.479197e-11 4.479197e-11
7420 2.898438e+00 8.332394e-12 5.147793e-11 5.147793e-11
7430 2.902344e+00 2.334735e-12 5.212464e-11 5.212464e-11
7440 2.906250e+00 1.255169e-11 4.674255e-11 4.674255e-11
7450 2.910156e+00 2.118200e-11 3.603816e-11 3.603816e-11
7460 2.914063e+00 2.724270e-11 2.132271e-11 2.132271e-11
7470 2.917969e+00 3.007055e-11 4.352235e-12 4.352235e-12
7480 2.921875e+00 2.938558e-11 1.288216e-11 1.288216e-11
7490 2.925781e+00 2.531756e-11 2.838578e-11 2.838578e-11
7500 2.929688e+00 1.838519e-11 4.039287e-11 4.039287e-11
7510 2.933594e+00 9.431079e-12 4.756601e-11 4.756601e-11
7520 2.937500e+00 5.406822e-13 4.914487e-11 4.914487e-11
7530 2.941406e+00 1.020540e-11 4.502590e-11 4.502590e-11
7540 2.945313e+00 1.860174e-11 3.576499e-11 3.576499e-11
7550 2.949219e+00 2.473001e-11 2.250404e-11 2.250404e-11
7560 2.953125e+00 2.791464e-11 6.830854e-12 6.830854e-12
7570 2.957031e+00 2.783021e-11 9.410884e-12 9.410884e-12
7580 2.960938e+00 2.453358e-11 2.433702e-11 2.433702e-11
7590 2.964844e+00 1.845180e-11 3.624255e-11 3.624255e-11
7600 2.968750e+00 1.032782e-11 4.379503e-11 4.379503e-11
7610 2.972656e+00 1.146406e-12 4.618347e-11 4.618347e-11
7620 2.976563e+00 8.075475e-12 4.320467e-11 4.320467e-11
7630 2.980469e+00 1.620706e-11 3.527813e-11 3.527813e-11
7640 2.984375e+00 2.235131e-11 2.338884e-11 2.338884e-11
7650 2.988281e+00 2.582650e-11 8.965610e-12 8.965610e-12
7660 2.992188e+00 2.626963e-11 6.290497e-12 6.290497e-12
7670 2.996094e+00 2.367316e-11 2.060544e-11 2.060544e-11
7680 3.000000e+00 1.838073e-11 3.233956e-11 3.233956e-11
7690 3.003906e+00 1.104266e-11 4.017394e-11 4.017394e-11
7700 3.007813e+00 2.540927e-12 4.325858e-11 4.325858e-11
7710 3.011719e+00 6.148926e-12 4.130400e-11 4.130400e-11
7720 3.015625e+00 1.399062e-11 3.460672e-11 3.460672e-11
7730 3.019531e+00 2.010554e-11 2.400681e-11 2.400681e-11
7740 3.023438e+00 2.381123e-11 1.078328e-11 1.078328e-11
7750 3.027344e+00 2.471425e-11 3.500155e-12 3.500155e-12
7760 3.031250e+00 2.275062e-11 1.717846e-11 1.717846e-11
7770 3.035156e+00 1.818833e-11 2.868092e-11 2.868092e-11
7780 3.039063e+00 1.159182e-11 3.670956e-11 3.670956e-11
7790 3.042969e+00 3.754506e-12 4.038593e-11 4.038593e-11
7800 3.046875e+00 4.415458e-12 3.934654e-11 3.934654e-11
7810 3.050781e+00 1.194709e-11 3.377762e-11 3.377762e-11
7820 3.054688e+00 1.799314e-11 2.438586e-11 2.438586e-11
7830 3.058594e+00 2.187502e-11 1.230956e-11 1.230956e-11
7840 3.062500e+00 2.317535e-11 1.019517e-12 1.019517e-12
7850 3.066406e+00 2.178101e-11 1.404293e-11 1.404293e-11
7860 3.070313e+00 1.789175e-11 2.526232e-11 2.526232e-11
7870 3.074219e+00 1.199270e-11 3.340682e-11 3.340682e-11
7880 3.078125e+00 4.795229e-12 3.757896e-11 3.757896e-11
7890 3.082031e+00 2.863161e-12 3.735258e-11 3.735258e-11
7900 3.085938e+00 1.006878e-11 3.281550e-11 3.281550e-11
7910 3.089844e+00 1.601181e-11 2.455214e-11 2.455214e-11
7920 3.093750e+00 2.002105e-11 1.356906e-11 1.356906e-11
7930 3.097656e+00 2.166101e-11 1.173147e-12 1.173147e-12
7940 3.101563e+00 2.077629e-11 1.118530e-11 1.118530e-11
7950 3.105469e+00 1.750528e-11 2.207834e-11 2.207834e-11
7960 3.109375e+00 1.226005e-11 3.026895e-11 3.026895e-11
7970 3.113281e+00 5.675446e-12 3.484902e-11 3.484902e-11
7980 3.117188e+00 1.483057e-12 3.534018e-11 3.534018e-11
7990 3.121094e+00 8.349188e-12 3.174298e-11 3.174298e-11
8000 3.125000e+00 1.415991e-11 2.453011e-11 2.453011e-11
8010 3.128906e+00 1.825276e-11 1.458522e-11 1.458522e-11
8020 3.132813e+00 2.017941e-11 3.095179e-12 3.095179e-12
8030 3.136719e+00 1.974835e-11 8.591751e-12 8.591751e-12
8040 3.140625e+00 1.704317e-11 1.912262e-11 1.912262e-11
8050 3.144531e+00 1.240892e-11 2.729763e-11 2.729763e-11
8060 3.148438e+00 6.408914e-12 3.220557e-11 3.220557e-11
8070 3.152344e+00 2.930233e-13 3.332536e-11 3.332536e-11
8080 3.156250e+00 6.780440e-12 3.058066e-11 3.058066e-11
8090 3.160156e+00 1.243413e-11 2.434254e-11 2.434254e-11
8100 3.164063e+00 1.657166e-11 1.538029e-11 1.538029e-11
8110 3.167969e+00 1.873652e-11 4.767136e-12 4.767136e-12
8120 3.171875e+00 1.870687e-11 6.248348e-12 6.248348e-12
8130 3.175781e+00 1.651759e-11 1.638800e-11 1.638800e-11
8140 3.179688e+00 1.245243e-11 2.449322e-11 2.449322e-11
8150 3.183594e+00 7.008052e-12 2.965635e-11 2.965635e-11
8160 3.187500e+00 8.430663e-13 3.132221e-11 3.132221e-11
8170 3.191406e+00 5.355399e-12 2.934729e-11 2.934729e-11
8180 3.195313e+00 1.083142e-11 2.401057e-11 2.401057e-11
8190 3.199219e+00 1.497915e-11 1.597537e-11 1.597537e-11
8200 3.203125e+00 1.733802e-11 6.207424e-12 6.207424e-12
8210 3.207031e+00 1.766114e-11 4.141130e-12 4.141130e-12
8220 3.210938e+00 1.594030e-11 1.386667e-11 1.386667e-11
8230 3.214844e+00 1.240349e-11 2.185491e-11 2.185491e-11
8240 3.218750e+00 7.485341e-12 2.720749e-11 2.720749e-11
8250 3.222656e+00 1.776795e-12 2.934303e-11 2.934303e-11
8260 3.226563e+00 4.066228e-12 2.805982e-11 2.805982e-11
8270 3.230469e+00 9.347682e-12 2.355379e-11 2.355379e-11
8280 3.234375e+00 1.347528e-11 1.639035e-11 1.639035e-11
8290 3.238281e+00 1.598804e-11 7.433942e-12 7.433942e-12
8300 3.242188e+00 1.661876e-11 2.256222e-12 2.256222e-12
8310 3.246094e+00 1.532147e-11 1.155032e-11 1.155032e-11
8320 3.250000e+00 1.227356e-11 1.938083e-11 1.938083e-11
8330 3.253906e+00 7.852159e-12 2.486371e-11 2.486371e-11
8340 3.257813e+00 2.589013e-12 2.739848e-11 2.739848e-11
8350 3.261719e+00 2.905612e-12 2.673352e-11 2.673352e-11
8360 3.265625e+00 7.978917e-12 2.299027e-11 2.299027e-11
8370 3.269531e+00 1.205992e-11 1.664397e-11 1.664397e-11
8380 3.273438e+00 1.469027e-11 8.463900e-12 8.463900e-12
8390 3.277344e+00 1.558680e-11 5.801293e-13 5.801293e-13
8400 3.281250e+00 1.467068e-11 9.430233e-12 9.430233e-12
8410 3.285156e+00 1.207362e-11 1.706821e-11 1.706821e-11
8420 3.289063e+00 8.119603e-12 2.262844e-11 2.262844e-11
8430 3.292969e+00 3.285470e-12 2.549770e-11 2.549770e-11
8440 3.296875e+00 1.866118e-12 2.538211e-11 2.538211e-11
8450 3.300781e+00 6.720489e-12 2.233662e-11 2.233662e-11
8460 3.304688e+00 1.073199e-11 1.675380e-11 1.675380e-11
8470 3.308594e+00 1.344726e-11 9.313776e-12 9.313776e-12
8480 3.312500e+00 1.457106e-11 9.019202e-13 9.019202e-13
8490 3.316406e+00 1.399628e-11 7.497411e-12 7.497411e-12
8500 3.320313e+00 1.181351e-11 1.491355e-11 1.491355e-11
8510 3.324219e+00 8.297828e-12 2.050397e-11 2.050397e-11
8520 3.328125e+00 3.874736e-12 2.364842e-11 2.364842e-11
8530 3.332031e+00 9.416617e-13 2.401780e-11 2.401780e-11
8540 3.335938e+00 5.567824e-12 2.160809e-11 2.160809e-11
8550 3.339844e+00 9.490193e-12 1.673627e-11 1.673627e-11
8560 3.343750e+00 1.226111e-11 9.999291e-12 9.999291e-12
8570 3.347656e+00 1.357678e-11 2.201266e-12 2.201266e-12
8580 3.351563e+00 1.330596e-11 5.742665e-12 5.742665e-12
8590 3.355469e+00 1.150250e-11 1.291266e-11 1.291266e-11
8600 3.359375e+00 8.396577e-12 1.849154e-11 1.849154e-11
8610 3.363281e+00 4.365726e-12 2.185711e-11 2.185711e-11
8620 3.367188e+00 1.541603e-13 2.265144e-11 2.265144e-11
8630 3.371094e+00 4.515980e-12 2.081856e-11 2.081856e-11
8640 3.375000e+00 8.332595e-12 1.660670e-11 1.660670e-11
8650 3.378906e+00 1.113308e-11 1.053539e-11 1.053539e-11
8660 3.382813e+00 1.260819e-11 3.331737e-12 3.331737e-12
8670 3.386719e+00 1.260639e-11 4.156696e-12 4.156696e-12
8680 3.390625e+00 1.114891e-11 1.106082e-11 1.106082e-11
8690 3.394531e+00 8.424789e-12 1.659150e-11 1.659150e-11
8700 3.398438e+00 4.766879e-12 2.012905e-11 2.012905e-11
8710 3.402344e+00 6.169340e-13 2.129258e-11 2.129258e-11
8720 3.406250e+00 3.560062e-12 1.998071e-11 1.998071e-11
8730 3.410156e+00 7.257067e-12 1.637935e-11 1.637935e-11
8740 3.414063e+00 1.006400e-11 1.093625e-11 1.093625e-11
8750 3.417969e+00 1.166897e-11 4.305686e-12 4.305686e-12
8760 3.421875e+00 1.190366e-11 2.730187e-12 2.730187e-12
8770 3.425781e+00 1.076044e-11 9.352876e-12 9.352876e-12
8780 3.429688e+00 8.390927e-12 1.480339e-11 1.480339e-11
8790 3.433594e+00 5.086358e-12 1.846846e-11 1.846846e-11
8800 3.437500e+00 1.243660e-12 1.994957e-11 1.994957e-11
8810 3.441406e+00 2.695043e-12 1.910598e-11 1.910598e-11
8820 3.445313e+00 6.261050e-12 1.606741e-11 1.606741e-11
8830 3.449219e+00 9.054088e-12 1.121526e-11 1.121526e-11
8840 3.453125e+00 1.076203e-11 5.135124e-12 5.135124e-12
8850 3.457031e+00 1.120299e-11 1.453860e-12 1.453860e-12
8860 3.460938e+00 1.034400e-11 7.783298e-12 7.783298e-12
8870 3.464844e+00 8.302739e-12 1.312602e-11 1.312602e-11
8880 3.468750e+00 5.331841e-12 1.687859e-11 1.687859e-11
8890 3.472656e+00 1.788560e-12 1.862965e-11 1.862965e-11
8900 3.476563e+00 1.915992e-12 1.820472e-11 1.820472e-11
8910 3.480469e+00 5.341838e-12 1.568306e-11 1.568306e-11
8920 3.484375e+00 8.103213e-12 1.138501e-11 1.138501e-11
8930 3.488281e+00 9.889812e-12 5.831609e-12 5.831609e-12
8940 3.492188e+00 1.050904e-11 3.187539e-13 3.187539e-13
8950 3.496094e+00 9.905928e-12 6.346289e-12 6.346289e-12
8960 3.500000e+00 8.167482e-12 1.155763e-11 1.155763e-11
8970 3.503906e+00 5.510643e-12 1.536185e-11 1.536185e-11
8980 3.507813e+00 2.255805e-12 1.733905e-11 1.733905e-11
8990 3.511719e+00 1.218061e-12 1.728621e-11 1.728621e-11
9000 3.515625e+00 4.496446e-12 1.523755e-11 1.523755e-11
9010 3.519531e+00 7.210771e-12 1.145735e-11 1.145735e-11
9020 3.523438e+00 9.054107e-12 6.406221e-12 6.406221e-12
9030 3.527344e+00 9.825796e-12 6.852916e-13 6.852916e-13
9040 3.531250e+00 9.451884e-12 5.035847e-12 5.035847e-12
9050 3.535156e+00 7.991800e-12 1.009591e-11 1.009591e-11
9060 3.539063e+00 5.629603e-12 1.391982e-11 1.391982e-11
9070 3.542969e+00 2.651205e-12 1.608304e-11 1.608304e-11
9080 3.546875e+00 5.972995e-13 1.635872e-11 1.635872e-11
9090 3.550781e+00 3.721810e-12 1.474115e-11 1.474115e-11
9100 3.554688e+00 6.375885e-12 1.144337e-11 1.144337e-11
9110 3.558594e+00 8.256311e-12 6.869538e-12 6.869538e-12
9120 3.562500e+00 9.156716e-12 1.565629e-12 1.565629e-12
9130 3.566406e+00 8.986970e-12 3.845828e-12 3.845828e-12
9140 3.570313e+00 7.781831e-12 8.738100e-12 8.738100e-12
9150 3.574219e+00 5.695169e-12 1.255343e-11 1.255343e-11
9160 3.578125e+00 2.980659e-12 1.486604e-11 1.486604e-11
9170 3.582031e+00 8.065564e-14 1.542962e-11 1.542962e-11
9180 3.585938e+00 3.014710e-12 1.420327e-11 1.420327e-11
9190 3.589844e+00 5.597354e-12 1.135340e-11 1.135340e-11
9200 3.593750e+00 7.497337e-12 7.231628e-12 7.231628e-12
9210 3.597656e+00 8.504713e-12 2.331623e-12 2.331623e-12
9220 3.601563e+00 8.515717e-12 2.770013e-12 2.770013e-12
9230 3.605469e+00 7.543183e-12 7.481081e-12 7.481081e-12
9240 3.609375e+00 5.713353e-12 1.126295e-11 1.126295e-11
9250 3.613281e+00 3.249824e-12 1.369166e-11 1.369166e-11
9260 3.617188e+00 4.496955e-13 1.450539e-11 1.450539e-11
9270 3.621094e+00 2.371879e-12 1.363248e-11 1.363248e-11
9280 3.625000e+00 4.873742e-12 1.119707e-11 1.119707e-11
9290 3.628906e+00 6.777765e-12 7.502043e-12 7.502043e-12
9300 3.632813e+00 7.872247e-12 2.991592e-12 2.991592e-12
9310 3.636719e+00 8.042175e-12 1.802151e-12 1.802151e-12
9320 3.640625e+00 7.280998e-12 6.321415e-12 6.321415e-12
9330 3.644531e+00 5.689791e-12 1.004814e-11 1.004814e-11
9340 3.648438e+00 3.464143e-12 1.256281e-11 1.256281e-11
9350 3.652344e+00 8.713105e-13 1.359172e-11 1.359172e-11
9360 3.656250e+00 1.789997e-12 1.303655e-11 1.303655e-11
9370 3.660156e+00 4.203407e-12 1.098330e-11 1.098330e-11
9380 3.664063e+00 6.097790e-12 7.689815e-12 7.689815e-12
9390 3.667969e+00 7.261323e-12 3.553622e-12 3.553622e-12
9400 3.671875e+00 7.569891e-12 9.360185e-13 9.360185e-13
9410 3.675781e+00 6.999931e-12 5.255423e-12 5.255423e-12
9420 3.679688e+00 5.629676e-12 8.908246e-12 8.908246e-12
9430 3.683594e+00 3.628736e-12 1.148173e-11 1.148173e-11
9440 3.687500e+00 1.237718e-12 1.269353e-11 1.269353e-11
9450 3.691406e+00 1.265784e-12 1.242248e-11 1.242248e-11
9460 3.695313e+00 3.584548e-12 1.072034e-11 1.072034e-11
9470 3.699219e+00 5.457329e-12 7.803456e-12 7.803456e-12
9480 3.703125e+00 6.673564e-12 4.025502e-12 4.025502e-12
9490 3.707031e+00 7.101992e-12 1.656804e-13 1.656804e-13
9500 3.710938e+00 6.704223e-12 4.279226e-12 4.279226e-12
9510 3.714844e+00 5.537854e-12 7.842115e-12 7.842115e-12
9520 3.718750e+00 3.748492e-12 1.045009e-11 1.045009e-11
9530 3.722656e+00 1.551909e-12 1.181508e-11 1.181508e-11
9540 3.726563e+00 7.960495e-13 1.179657e-11 1.179657e-11
9550 3.730469e+00 3.015208e-12 1.041578e-11 1.041578e-11
9560 3.734375e+00 4.856030e-12 7.850967e-12 7.850967e-12
9570 3.738281e+00 6.110236e-12 4.414704e-12 4.414704e-12
9580 3.742188e+00 6.641162e-12 5.159811e-13 5.159811e-13
9590 3.746094e+00 6.397673e-12 3.388803e-12 3.388803e-12
9600 3.750000e+00 5.418801e-12 6.848231e-12 6.848231e-12
9610 3.753906e+00 3.827994e-12 9.468998e-12 9.468998e-12
9620 3.757813e+00 1.817807e-12 1.095995e-11 1.095995e-11
9630 3.761719e+00 3.782449e-13 1.116445e-11 1.116445e-11
9640 3.765625e+00 2.493353e-12 1.007660e-11 1.007660e-11
9650 3.769531e+00 4.293315e-12 7.839842e-12 7.839842e-12
9660 3.773438e+00 5.572276e-12 4.728369e-12 4.728369e-12
9670 3.777344e+00 6.189746e-12 1.113635e-12 1.113635e-12
9680 3.781250e+00 6.083717e-12 2.580036e-12 2.580036e-12
9690 3.785156e+00 5.276617e-12 5.924769e-12 5.924769e-12
9700 3.789063e+00 3.871551e-12 8.539121e-12 8.539121e-12
9710 3.792969e+00 2.039348e-12 1.013118e-11 1.013118e-11
9720 3.796875e+00 4.666701e-14 1.053112e-11 1.053112e-11
9730 3.800781e+00 2.016854e-12 9.709168e-12 9.709168e-12
9740 3.804688e+00 3.768423e-12 7.777080e-12 7.777080e-12
9750 3.808594e+00 5.060331e-12 4.973299e-12 4.973299e-12
9760 3.812500e+00 5.749712e-12 1.633680e-12 1.633680e-12
9770 3.816406e+00 5.765412e-12 1.848742e-12 1.848742e-12
9780 3.820313e+00 5.115076e-12 5.069649e-12 5.069649e-12
9790 3.824219e+00 3.883202e-12 7.660684e-12 7.660684e-12
9800 3.828125e+00 2.220330e-12 9.331230e-12 9.331230e-12
9810 3.832031e+00 3.267650e-13 9.900995e-12 9.900995e-12
9820 3.835938e+00 1.583538e-12 9.319309e-12 9.319309e-12
9830 3.839844e+00 3.280396e-12 7.669197e-12 7.669197e-12
9840 3.843750e+00 4.574802e-12 5.155951e-12 5.155951e-12
9850 3.847656e+00 5.322741e-12 2.081736e-12 2.081736e-12
9860 3.851563e+00 5.445479e-12 1.190717e-12 1.190717e-12
9870 3.855469e+00 4.937622e-12 4.280575e-12 4.280575e-12
9880 3.859375e+00 3.866705e-12 6.833543e-12 6.833543e-12
9890 3.863281e+00 2.364375e-12 8.562109e-12 8.562109e-12
9900 3.867188e+00 6.109993e-13 9.277944e-12 9.277944e-12
9910 3.871094e+00 1.191197e-12 8.912288e-12 8.912288e-12
9920 3.875000e+00 2.828162e-12 7.522239e-12 7.522239e-12
9930 3.878906e+00 4.115841e-12 5.282434e-12 5.282434e-12
9940 3.882813e+00 4.910175e-12 2.463261e-12 2.463261e-12
9950 3.886719e+00 5.126306e-12 6.017714e-13 6.017714e-13
9960 3.890625e+00 4.747396e-12 3.555079e-12 3.555079e-12
9970 3.894531e+00 3.825563e-12 6.057226e-12 6.057226e-12
9980 3.898438e+00 2.474935e-12 7.825360e-12 7.825360e-12
9990 3.902344e+00 8.579101e-13 8.665333e-12 8.665333e-12
10000 3.906250e+00 8.376509e-13 8.492871e-12 8.492871e-12
10010 3.910156e+00 2.410525e-12 7.341801e-12 7.341801e-12
10020 3.914063e+00 3.683417e-12 5.358515e-12 5.358515e-12
10030 3.917969e+00 4.513140e-12 2.783524e-12 2.783524e-12
10040 3.921875e+00 4.810014e-12 7.801967e-14 7.801967e-14
10050 3.925781e+00 4.547245e-12 2.890563e-12 2.890563e-12
10060 3.929688e+00 3.763023e-12 5.330977e-12 5.330977e-12
10070 3.933594e+00 2.555280e-12 7.122134e-12 7.122134e-12
10080 3.937500e+00 1.069640e-12 8.066056e-12 8.066056e-12
10090 3.941406e+00 5.207821e-13 8.065341e-12 8.065341e-12
10100 3.945313e+00 2.026202e-12 7.133037e-12 7.133037e-12
10110 3.949219e+00 3.277314e-12 5.389612e-12 5.389612e-12
10120 3.953125e+00 4.132478e-12 3.047575e-12 3.047575e-12
10130 3.957031e+00 4.498427e-12 3.857090e-13 3.857090e-13
10140 3.960938e+00 4.339739e-12 2.284321e-12 2.284321e-12
10150 3.964844e+00 3.682096e-12 4.653790e-12 4.653790e-12
10160 3.968750e+00 2.608468e-12 6.453218e-12 6.453218e-12
10170 3.972656e+00 1.248822e-12 7.482577e-12 7.482577e-12
10180 3.976563e+00 2.389605e-13 7.633528e-12 7.633528e-12
10190 3.980469e+00 1.673829e-12 6.900684e-12 6.900684e-12
10200 3.984375e+00 2.897157e-12 5.380808e-12 5.380808e-12
10210 3.988281e+00 3.768853e-12 3.260251e-12 3.260251e-12
10220 3.992188e+00 4.193110e-12 7.922020e-13 7.922020e-13
10230 3.996094e+00 4.127181e-12 1.733581e-12 1.733581e-12
10240 4.000000e+00 3.585534e-12 4.024453e-12 4.024453e-12
10250 4.003906e+00 2.637412e-12 5.819078e-12 5.819078e-12
10260 4.007813e+00 1.398097e-12 6.916962e-12 6.916962e-12
10270 4.011719e+00 3.425703e-14 7.200838e-12 7.200838e-12
10280 4.015625e+00 1.351997e-12 6.649073e-12 6.649073e-12
10290 4.019531e+00 2.542435e-12 5.336849e-12 5.336849e-12
10300 4.023438e+00 3.422714e-12 3.426157e-12 3.426157e-12
10310 4.027344e+00 3.895421e-12 1.145902e-12 1.145902e-12
10320 4.031250e+00 3.911635e-12 1.235522e-12 1.235522e-12
10330 4.035156e+00 3.475880e-12 3.441572e-12 3.441572e-12
10340 4.039063e+00 2.644817e-12 5.219887e-12 5.219887e-12
10350 4.042969e+00 1.520017e-12 6.370910e-12 6.370910e-12
10360 4.046875e+00 2.368373e-13 6.770280e-12 6.770280e-12
10370 4.050781e+00 1.059250e-12 6.382158e-12 6.382158e-12
10380 4.054688e+00 2.212541e-12 5.262159e-12 5.262159e-12
10390 4.058594e+00 3.094335e-12 3.549671e-12 3.549671e-12
10400 4.062500e+00 3.606469e-12 1.450616e-12 1.450616e-12
10410 4.066406e+00 3.694943e-12 7.873052e-13 7.873052e-13
10420 4.070313e+00 3.355453e-12 2.903606e-12 2.903606e-12
10430 4.074219e+00 2.633207e-12 4.655566e-12 4.655566e-12
10440 4.078125e+00 1.617007e-12 5.845793e-12 5.845793e-12
10450 4.082031e+00 4.288353e-13 6.344494e-12 6.344494e-12
10460 4.085938e+00 7.941347e-13 6.103526e-12 6.103526e-12
10470 4.089844e+00 1.906755e-12 5.160846e-12 5.160846e-12
10480 4.093750e+00 2.783839e-12 3.634939e-12 3.634939e-12
10490 4.097656e+00 3.327201e-12 1.710042e-12 1.710042e-12
10500 4.101563e+00 3.478722e-12 3.861029e-13 3.861029e-13
10510 4.105469e+00 3.226372e-12 2.408900e-12 2.408900e-12
10520 4.109375e+00 2.604951e-12 4.125814e-12 4.125814e-12
10530 4.113281e+00 1.691395e-12 5.342680e-12 5.342680e-12
10540 4.117188e+00 5.955666e-13 5.925778e-12 5.925778e-12
10550 4.121094e+00 5.551739e-13 5.816421e-12 5.816421e-12
10560 4.125000e+00 1.624285e-12 5.036709e-12 5.036709e-12
10570 4.128906e+00 2.491216e-12 3.685871e-12 3.685871e-12
10580 4.132813e+00 3.058362e-12 1.927749e-12 1.927749e-12
10590 4.136719e+00 3.264409e-12 2.950067e-14 2.950067e-14
10600 4.140625e+00 3.090565e-12 1.955698e-12 1.955698e-12
10610 4.144531e+00 2.562226e-12 3.630129e-12 3.630129e-12
10620 4.148438e+00 1.745375e-12 4.862365e-12 4.862365e-12
10630 4.152344e+00 7.385242e-13 5.516111e-12 5.516111e-12
10640 4.156250e+00 3.409692e-13 5.523761e-12 5.523761e-12
10650 4.160156e+00 1.364284e-12 4.893258e-12 4.893258e-12
10660 4.164063e+00 2.216321e-12 3.706150e-12 3.706150e-12
10670 4.167969e+00 2.800558e-12 2.107164e-12 2.107164e-12
10680 4.171875e+00 3.053223e-12 2.866565e-13 2.866565e-13
10690 4.175781e+00 2.949743e-12 1.542179e-12 1.542179e-12
10700 4.179688e+00 2.507048e-12 3.167845e-12 3.167845e-12
10710 4.183594e+00 1.781006e-12 4.405395e-12 4.405395e-12
10720 4.187500e+00 8.595069e-13 5.117178e-12 5.117178e-12
10730 4.191406e+00 1.504873e-13 5.228156e-12 5.228156e-12
10740 4.195313e+00 1.125837e-12 4.733712e-12 4.733712e-12
10750 4.199219e+00 1.958922e-12 3.699227e-12 3.699227e-12
10760 4.203125e+00 2.554217e-12 2.251566e-12 2.251566e-12
10770 4.207031e+00 2.846247e-12 5.636005e-13 5.636005e-13
10780 4.210938e+00 2.805487e-12 1.166468e-12 1.166468e-12
10790 4.214844e+00 2.441289e-12 2.738151e-12 2.738151e-12
10800 4.218750e+00 1.800241e-12 3.972102e-12 3.972102e-12
10810 4.222656e+00 9.602789e-13 4.730395e-12 4.730395e-12
10820 4.226563e+00 2.949461e-14 4.931930e-12 4.931930e-12
10830 4.230469e+00 9.080039e-13 4.561023e-12 4.561023e-12
10840 4.234375e+00 1.718679e-12 3.668330e-12 3.668330e-12
10850 4.238281e+00 2.319661e-12 2.364084e-12 2.364084e-12
10860 4.242188e+00 2.644389e-12 8.045598e-13 8.045598e-13
10870 4.246094e+00 2.659188e-12 8.266578e-13 8.266578e-13
10880 4.250000e+00 2.366670e-12 2.340108e-12 2.340108e-12
10890 4.253906e+00 1.804903e-12 3.562615e-12 3.562615e-12
10900 4.257813e+00 1.042556e-12 4.356930e-12 4.356930e-12
10910 4.261719e+00 1.712911e-13 4.637139e-12 4.637139e-12
10920 4.265625e+00 7.098162e-13 4.377885e-12 4.377885e-12
10930 4.269531e+00 1.495202e-12 3.616470e-12 3.616470e-12
10940 4.273438e+00 2.097082e-12 2.447694e-12 2.447694e-12
10950 4.277344e+00 2.448405e-12 1.012118e-12 1.012118e-12
10960 4.281250e+00 2.512078e-12 5.208282e-13 5.208282e-13
10970 4.285156e+00 2.284740e-12 1.972683e-12 1.972683e-12
10980 4.289063e+00 1.796696e-12 3.176893e-12 3.176893e-12
10990 4.292969e+00 1.107981e-12 3.997724e-12 3.997724e-12
11000 4.296875e+00 3.012291e-13 4.345586e-12 4.345586e-12
11010 4.300781e+00 5.302975e-13 4.186741e-12 4.186741e-12
11020 4.304688e+00 1.288006e-12 3.546442e-12 3.546442e-12
11030 4.308594e+00 1.886569e-12 2.505213e-12 2.505213e-12
11040 4.312500e+00 2.258951e-12 1.188789e-12 1.188789e-12
11050 4.316406e+00 2.365269e-12 2.470606e-13 2.470606e-13
11060 4.320313e+00 2.196934e-12 1.634755e-12 1.634755e-12
11070 4.324219e+00 1.777219e-12 2.814737e-12 2.814737e-12
11080 4.328125e+00 1.158104e-12 3.653514e-12 3.653514e-12
11090 4.332031e+00 4.140345e-13 4.058842e-12 4.058842e-12
11100 4.335938e+00 3.684557e-13 3.989806e-12 3.989806e-12
11110 4.339844e+00 1.096554e-12 3.460838e-12 3.460838e-12
11120 4.343750e+00 1.688120e-12 2.539303e-12 2.539303e-12
11130 4.347656e+00 2.076527e-12 1.336995e-12 1.336995e-12
11140 4.351563e+00 2.219715e-12 4.976990e-15 4.976990e-15
11150 4.355469e+00 2.104558e-12 1.325138e-12 1.325138e-12
11160 4.359375e+00 1.747939e-12 2.475818e-12 2.475818e-12
11170 4.363281e+00 1.194414e-12 3.324848e-12 3.324848e-12
11180 4.367188e+00 5.107435e-13 3.778262e-12 3.778262e-12
11190 4.371094e+00 2.233684e-13 3.789069e-12 3.789069e-12
11200 4.375000e+00 9.202932e-13 3.362043e-12 3.362043e-12
11210 4.378906e+00 1.501653e-12 2.552468e-12 2.552468e-12
11220 4.382813e+00 1.901540e-12 1.459067e-12 1.459067e-12
11230 4.386719e+00 2.076268e-12 2.120236e-13 2.120236e-13
11240 4.390625e+00 2.008777e-12 1.042599e-12 1.042599e-12
11250 4.394531e+00 1.710222e-12 2.159686e-12 2.159686e-12
11260 4.398438e+00 1.218302e-12 3.012109e-12 3.012109e-12
11270 4.402344e+00 5.925772e-13 3.505000e-12 3.505000e-12
11280 4.406250e+00 9.437827e-14 3.586313e-12 3.586313e-12
11290 4.410156e+00 7.586154e-13 3.252255e-12 3.252255e-12
11300 4.414063e+00 1.327008e-12 2.547061e-12 2.547061e-12
11310 4.417969e+00 1.734299e-12 1.557237e-12 1.557237e-12
11320 4.421875e+00 1.935647e-12 4.009998e-13 4.009998e-13
11330 4.425781e+00 1.910649e-12 7.858671e-13 7.858671e-13
11340 4.429688e+00 1.665328e-12 1.865798e-12 1.865798e-12
11350 4.433594e+00 1.231083e-12 2.715526e-12 2.715526e-12
11360 4.437500e+00 6.607204e-13 3.240025e-12 3.240025e-12
11370 4.441406e+00 2.590177e-14 3.383128e-12 3.383128e-12
11380 4.445313e+00 6.108793e-13 3.133489e-12 3.133489e-12
11390 4.449219e+00 1.163973e-12 2.525282e-12 2.525282e-12
11400 4.453125e+00 1.575020e-12 1.633636e-12 1.633636e-12
11410 4.457031e+00 1.798479e-12 5.654026e-13 5.654026e-13
11420 4.460938e+00 1.811119e-12 5.536491e-13 5.536491e-13
11430 4.464844e+00 1.614418e-12 1.593522e-12 1.593522e-12
11440 4.468750e+00 1.233987e-12 2.435199e-12 2.435199e-12
11450 4.472656e+00 7.163427e-13 2.984143e-12 2.984143e-12
11460 4.476563e+00 1.236770e-13 3.180920e-12 3.180920e-12
11470 4.480469e+00 4.764435e-13 3.007583e-12 3.007583e-12
11480 4.484375e+00 1.012277e-12 2.489182e-12 2.489182e-12
11490 4.488281e+00 1.423845e-12 1.690286e-12 1.690286e-12
11500 4.492188e+00 1.665275e-12 7.069887e-13 7.069887e-13
11510 4.496094e+00 1.711037e-12 3.446429e-13 3.446429e-13
11520 4.500000e+00 1.558544e-12 1.342160e-12 1.342160e-12
11530 4.503906e+00 1.228166e-12 2.171102e-12 2.171102e-12
11540 4.507813e+00 7.605348e-13 2.737998e-12 2.737998e-12
11550 4.511719e+00 2.117666e-13 2.980919e-12 2.980919e-12
11560 4.515625e+00 3.546469e-13 2.876203e-12 2.876203e-12
11570 4.519531e+00 8.715973e-13 2.440665e-12 2.440665e-12
11580 4.523438e+00 1.280826e-12 1.729107e-12 1.729107e-12
11590 4.527344e+00 1.536471e-12 8.274705e-13 8.274705e-13
11600 4.531250e+00 1.611142e-12 1.575435e-13 1.575435e-13
11610 4.535156e+00 1.498679e-12 1.110950e-12 1.110950e-12
11620 4.539063e+00 1.214696e-12 1.923106e-12 1.923106e-12
11630 4.542969e+00 7.943624e-13 2.502096e-12 2.502096e-12
11640 4.546875e+00 2.882177e-13 2.784201e-12 2.784201e-12
11650 4.550781e+00 2.448342e-13 2.740864e-12 2.740864e-12
11660 4.554688e+00 7.415950e-13 2.381503e-12 2.381503e-12
11670 4.558594e+00 1.145975e-12 1.751916e-12 1.751916e-12
11680 4.562500e+00 1.412433e-12 9.284982e-13 9.284982e-13
11690 4.566406e+00 1.512079e-12 9.329586e-15 9.329586e-15
11700 4.570313e+00 1.435709e-12 8.990907e-13 8.990907e-13
11710 4.574219e+00 1.194579e-12 1.690992e-12 1.690992e-12
11720 4.578125e+00 8.188152e-13 2.276821e-12 2.276821e-12
11730 4.582031e+00 3.537557e-13 2.591698e-12 2.591698e-12
11740 4.585938e+00 1.463715e-13 2.602925e-12 2.602925e-12
11750 4.589844e+00 6.218719e-13 2.313322e-12 2.313322e-12
11760 4.593750e+00 1.019241e-12 1.760421e-12 1.760421e-12
11770 4.597656e+00 1.293425e-12 1.011660e-12 1.011660e-12
11780 4.601563e+00 1.414436e-12 1.562002e-13 1.562002e-13
11790 4.605469e+00 1.370415e-12 7.057438e-13 7.057438e-13
11800 4.609375e+00 1.168728e-12 1.474458e-12 1.474458e-12
11810 4.613281e+00 8.348411e-13 2.062434e-12 2.062434e-12
11820 4.617188e+00 4.092011e-13 2.404198e-12 2.404198e-12
11830 4.621094e+00 5.887645e-14 2.463608e-12 2.463608e-12
11840 4.625000e+00 5.120273e-13 2.237627e-12 2.237627e-12
11850 4.628906e+00 9.005148e-13 1.756227e-12 1.756227e-12
11860 4.632813e+00 1.179659e-12 1.078477e-12 1.078477e-12
11870 4.636719e+00 1.318707e-12 2.853330e-13 2.853330e-13
11880 4.640625e+00 1.303525e-12 5.300461e-13 5.300461e-13
11890 4.644531e+00 1.137999e-12 1.273137e-12 1.273137e-12
11900 4.648438e+00 8.433327e-13 1.859098e-12 1.859098e-12
11910 4.652344e+00 4.553518e-13 2.222368e-12 2.222368e-12
11920 4.656250e+00 2.212303e-14 2.323998e-12 2.323998e-12
11930 4.660156e+00 4.116474e-13 2.155793e-12 2.155793e-12
11940 4.664063e+00 7.896659e-13 1.740836e-12 1.740836e-12
11950 4.667969e+00 1.071291e-12 1.130403e-12 1.130403e-12
11960 4.671875e+00 1.225300e-12 3.976567e-13 3.976567e-13
11970 4.675781e+00 1.235679e-12 3.711182e-13 3.711182e-13
11980 4.679688e+00 1.103187e-12 1.086603e-12 1.086603e-12
11990 4.683594e+00 8.451157e-13 1.666885e-12 1.666885e-12
12000 4.687500e+00 4.930078e-13 2.046759e-12 2.046759e-12
12010 4.691406e+00 8.916211e-14 2.185058e-12 2.185058e-12
12020 4.695313e+00 3.202919e-13 2.069074e-12 2.069074e-12
12030 4.699219e+00 6.864933e-13 1.715647e-12 1.715647e-12
12040 4.703125e+00 9.684023e-13 1.168817e-12 1.168817e-12
12050 4.707031e+00 1.134591e-12 4.943698e-13 4.943698e-13
12060 4.710937e+00 1.167438e-12 2.280736e-13 2.280736e-13
12070 4.714844e+00 1.064999e-12 9.143791e-13 9.143791e-13
12080 4.718750e+00 8.409726e-13 1.485779e-12 1.485779e-12
12090 4.722656e+00 5.229101e-13 1.877817e-12 1.877817e-12
12100 4.726562e+00 1.489821e-13 2.047632e-12 2.047632e-12
12110 4.730469e+00 2.375097e-13 1.978613e-12 1.978613e-12
12120 4.734375e+00 5.908028e-13 1.681964e-12 1.681964e-12
12130 4.738281e+00 8.710622e-13 1.195032e-12 1.195032e-12
12140 4.742187e+00 1.046856e-12 5.766390e-13 5.766390e-13
12150 4.746094e+00 1.099322e-12 1.000245e-13 1.000245e-13
12160 4.750000e+00 1.024101e-12 7.559513e-13 7.559513e-13
12170 4.753906e+00 8.316285e-13 1.315697e-12 1.315697e-12
12180 4.757812e+00 5.457673e-13 1.715890e-12 1.715890e-12
12190 4.761719e+00 2.008866e-13 1.912457e-12 1.912457e-12
12200 4.765625e+00 1.628613e-13 1.885445e-12 1.885445e-12
12210 4.769531e+00 5.023551e-13 1.640995e-12 1.640995e-12
12220 4.773437e+00 7.792515e-13 1.210286e-12 1.210286e-12
12230 4.777344e+00 9.623537e-13 6.455899e-13 6.455899e-13
12240 4.781250e+00 1.031778e-12 1.405123e-14 1.405123e-14
12250 4.785156e+00 9.810821e-13 6.107730e-13 6.107730e-13
12260 4.789062e+00 8.177634e-13 1.156492e-12 1.156492e-12
12270 4.792969e+00 5.622583e-13 1.561240e-12 1.561240e-12
12280 4.796875e+00 2.453686e-13 1.780170e-12 1.780170e-12
12290 4.800781e+00 9.592783e-14 1.790500e-12 1.790500e-12
12300 4.804687e+00 4.208892e-13 1.593856e-12 1.593856e-12
12310 4.808594e+00 6.929560e-13 1.215749e-12 1.215749e-12
12320 4.812500e+00 8.812585e-13 7.023099e-13 7.023099e-13
12330 4.816406e+00 9.651926e-13 1.146857e-13 1.146857e-13
12340 4.820312e+00 9.364820e-13 4.782722e-13 4.782722e-13
12350 4.824219e+00 8.000069e-13 1.007957e-12 1.007957e-12
12360 4.828125e+00 5.730167e-13 1.414052e-12 1.414052e-12
12370 4.832031e+00 2.829929e-13 1.651315e-12 1.651315e-12
12380 4.835937e+00 3.648116e-14 1.694616e-12 1.694616e-12
12390 4.839844e+00 3.461396e-13 1.541573e-12 1.541573e-12
12400 4.843750e+00 6.120975e-13 1.212517e-12 1.212517e-12
12410 4.847656e+00 8.037243e-13 7.478353e-13 7.478353e-13
12420 4.851562e+00 8.998877e-13 2.030426e-13 2.030426e-13
12430 4.855469e+00 8.907944e-13 3.578631e-13 3.578631e-13
12440 4.859375e+00 7.789334e-13 8.698472e-13 8.698472e-13
12450 4.863281e+00 5.786529e-13 1.274438e-12 1.274438e-12
12460 4.867187e+00 3.143079e-13 1.526348e-12 1.526348e-12
12470 4.871094e+00 1.834199e-14 1.598536e-12 1.598536e-12
12480 4.875000e+00 2.778144e-13 1.485088e-12 1.485088e-12
12490 4.878906e+00 5.365891e-13 1.201617e-12 1.201617e-12
12500 4.882812e+00 7.298505e-13 7.831603e-13 7.831603e-13
12510 4.886719e+00 8.361713e-13 2.798830e-13 2.798830e-13
12520 4.890625e+00 8.444462e-13 2.489448e-13 2.489448e-13
12530 4.894531e+00 7.550817e-13 7.418705e-13 7.418705e-13
12540 4.898437e+00 5.797273e-13 1.142449e-12 1.142449e-12
12550 4.902344e+00 3.398378e-13 1.405648e-12 1.405648e-12
12560 4.906250e+00 6.419255e-14 1.502918e-12 1.502918e-12
12570 4.910156e+00 2.156223e-13 1.425261e-12 1.425261e-12
12580 4.914062e+00 4.662949e-13 1.184006e-12 1.184006e-12
12590 4.917969e+00 6.597132e-13 8.092297e-13 8.092297e-13
12600 4.921875e+00 7.742740e-13 3.460269e-13 3.460269e-13
12607 4.924609e+00 8.006242e-13 2.190978e-15 2.190978e-15
